0.000000000000000000e+00,2.800000000000000405e-03,0.000000000000000000e+00,0.000000000000000000e+00
0.000000000000000000e+00,6.400000000000001174e-03,3.604187560683595488e-03,1.155510750057713205e-03
0.000000000000000000e+00,1.200000000000000198e-02,9.236927769854777828e-03,3.309336510772999812e-03
0.000000000000000000e+00,2.000000000000000389e-02,1.729203214396266008e-02,6.942686712849727160e-03
0.000000000000000000e+00,3.080000000000000793e-02,2.818399543086132913e-02,1.259513380723140639e-02
0.000000000000000000e+00,4.480000000000000648e-02,4.231401586551449684e-02,2.087950531405443136e-02
0.000000000000000000e+00,6.240000000000001101e-02,6.026479794733436562e-02,3.266778293172437758e-02
0.000000000000000000e+00,8.400000000000001910e-02,8.220169215935398122e-02,4.829343510757112129e-02
0.000000000000000000e+00,1.056000000000000272e-01,1.038263125831113548e-01,6.393424672628161831e-02
0.000000000000000000e+00,1.272000000000000353e-01,1.256495007198803193e-01,7.962626118458243640e-02
0.000000000000000000e+00,1.488000000000000433e-01,1.472365924497752443e-01,9.518210604873751646e-02
0.000000000000000000e+00,1.704000000000000514e-01,1.691652402980004244e-01,1.107923781257276336e-01
0.000000000000000000e+00,1.920000000000000595e-01,1.910468327065714123e-01,1.266910591705927847e-01
0.000000000000000000e+00,2.136000000000000676e-01,2.123934863311424670e-01,1.422730510849865293e-01
0.000000000000000000e+00,2.352000000000000757e-01,2.339585363108400706e-01,1.579418777466445045e-01
0.000000000000000000e+00,2.568000000000000838e-01,2.558361746500156797e-01,1.736594272950813256e-01
0.000000000000000000e+00,2.784000000000000918e-01,2.775292850306398940e-01,1.891717952135792413e-01
0.000000000000000000e+00,3.000000000000000999e-01,2.992568537224868930e-01,2.048040676229262447e-01
0.000000000000000000e+00,3.216000000000001080e-01,3.213552025333755169e-01,2.203226713612857213e-01
0.000000000000000000e+00,3.432000000000001161e-01,3.427135517037809276e-01,2.359482004024320012e-01
0.000000000000000000e+00,3.648000000000001242e-01,3.637120515843787483e-01,2.512626942722980261e-01
0.000000000000000000e+00,3.864000000000001322e-01,3.857379378348587129e-01,2.671894335853288727e-01
0.000000000000000000e+00,4.080000000000001403e-01,4.069290796536580990e-01,2.822785273270770889e-01
0.000000000000000000e+00,4.296000000000001484e-01,4.288059818210585017e-01,2.970384093361399525e-01
0.000000000000000000e+00,4.512000000000001565e-01,4.511107206380356449e-01,3.131407038321069036e-01
0.000000000000000000e+00,4.728000000000001646e-01,4.727535442624156703e-01,3.290936199459486011e-01
0.000000000000000000e+00,4.944000000000001727e-01,4.944863893100712171e-01,3.440502685298331143e-01
0.000000000000000000e+00,5.160000000000001252e-01,5.156898214248825107e-01,3.588150925515449785e-01
0.000000000000000000e+00,5.376000000000000778e-01,5.376972231493204468e-01,3.748589474826540813e-01
0.000000000000000000e+00,5.592000000000000304e-01,5.590755455003764141e-01,3.894041845997295304e-01
0.000000000000000000e+00,5.807999999999999829e-01,5.815702277297982725e-01,4.062582573643678252e-01
0.000000000000000000e+00,6.023999999999999355e-01,6.033925690704496914e-01,4.218200230021040276e-01
0.000000000000000000e+00,6.239999999999998881e-01,6.250043075672370163e-01,4.378500961479173115e-01
0.000000000000000000e+00,6.455999999999998407e-01,6.488247391071364500e-01,4.529727090349124907e-01
0.000000000000000000e+00,6.671999999999997932e-01,6.692031935470101889e-01,4.678778439485070106e-01
0.000000000000000000e+00,6.887999999999997458e-01,6.921708687587689868e-01,4.825374077671589212e-01
0.000000000000000000e+00,7.103999999999996984e-01,7.137894625335732268e-01,4.981878091166814237e-01
0.000000000000000000e+00,7.319999999999996509e-01,7.354634131000482578e-01,5.120754129041236169e-01
0.000000000000000000e+00,7.535999999999996035e-01,7.588008983460392542e-01,5.269311766214797021e-01
0.000000000000000000e+00,7.751999999999995561e-01,7.798620551526556088e-01,5.422474246339169524e-01
0.000000000000000000e+00,7.967999999999995087e-01,8.025783587569161881e-01,5.572338884825628336e-01
0.000000000000000000e+00,8.183999999999994612e-01,8.245399890807126875e-01,5.726215802741296823e-01
0.000000000000000000e+00,8.399999999999994138e-01,8.461878807669132030e-01,5.875947668311264360e-01
0.000000000000000000e+00,8.615999999999993664e-01,8.697076646647369236e-01,6.041360945159440776e-01
0.000000000000000000e+00,8.831999999999993189e-01,8.925414295892076799e-01,6.196453887928049520e-01
0.000000000000000000e+00,9.047999999999992715e-01,9.134099345436254014e-01,6.372430981190143617e-01
0.000000000000000000e+00,9.263999999999992241e-01,9.346483663580694712e-01,6.525359544875215523e-01
0.000000000000000000e+00,9.479999999999991767e-01,9.556747700243189980e-01,6.683524401240864554e-01
0.000000000000000000e+00,9.695999999999991292e-01,9.778654415317985515e-01,6.831373565700652462e-01
0.000000000000000000e+00,9.911999999999990818e-01,9.992869908409247603e-01,6.974090691116238139e-01
0.000000000000000000e+00,1.012799999999999034e+00,1.021600552742301105e+00,7.119752638985997750e-01
0.000000000000000000e+00,1.034399999999999098e+00,1.041899825654788447e+00,7.280671884662326399e-01
0.000000000000000000e+00,1.055999999999999162e+00,1.063482224014820954e+00,7.418171386222555119e-01
0.000000000000000000e+00,1.077599999999999225e+00,1.083329468705396925e+00,7.573957842317620148e-01
0.000000000000000000e+00,1.099199999999999289e+00,1.105258070172153717e+00,7.729091779265873097e-01
0.000000000000000000e+00,1.120799999999999352e+00,1.127384190290588117e+00,7.887050499979513241e-01
0.000000000000000000e+00,1.142399999999999416e+00,1.149288722417110664e+00,8.051556456591166810e-01
0.000000000000000000e+00,1.163999999999999480e+00,1.168583915324619360e+00,8.210897448936437248e-01
0.000000000000000000e+00,1.185599999999999543e+00,1.189868159683795446e+00,8.354683943723018036e-01
0.000000000000000000e+00,1.207199999999999607e+00,1.212093209567005170e+00,8.521451476705982353e-01
0.000000000000000000e+00,1.228799999999999670e+00,1.233244580862312700e+00,8.666909402251546934e-01
0.000000000000000000e+00,1.250399999999999734e+00,1.253649097680184177e+00,8.812683557895241160e-01
0.000000000000000000e+00,1.271999999999999797e+00,1.274661410527056171e+00,8.967770059634974089e-01
0.000000000000000000e+00,1.293599999999999861e+00,1.295960648564941975e+00,9.116679956914881533e-01
0.000000000000000000e+00,1.315199999999999925e+00,1.317919805182040882e+00,9.272688568231755024e-01
0.000000000000000000e+00,1.336799999999999988e+00,1.339878328522152051e+00,9.416973502159872167e-01
0.000000000000000000e+00,1.358400000000000052e+00,1.362511936406100910e+00,9.564340348250982560e-01
0.000000000000000000e+00,1.380000000000000115e+00,1.384753684571882415e+00,9.724316263838691521e-01
0.000000000000000000e+00,1.401600000000000179e+00,1.405805097337715415e+00,9.885249316785427176e-01
0.000000000000000000e+00,1.423200000000000243e+00,1.426127017850861600e+00,1.002980045047686009e+00
0.000000000000000000e+00,1.444800000000000306e+00,1.446414226634336053e+00,1.019681267001928182e+00
0.000000000000000000e+00,1.466400000000000370e+00,1.468354721067568036e+00,1.035583199724670944e+00
0.000000000000000000e+00,1.488000000000000433e+00,1.490582471450770941e+00,1.053164668877178300e+00
0.000000000000000000e+00,1.509600000000000497e+00,1.512076373781636285e+00,1.068179315655926942e+00
0.000000000000000000e+00,1.531200000000000561e+00,1.535372270738250444e+00,1.082832543009138115e+00
0.000000000000000000e+00,1.552800000000000624e+00,1.555707967749689002e+00,1.098393791325139368e+00
0.000000000000000000e+00,1.574400000000000688e+00,1.577435876049093855e+00,1.113465668960244459e+00
0.000000000000000000e+00,1.596000000000000751e+00,1.598809685077930753e+00,1.127962526640841734e+00
0.000000000000000000e+00,1.617600000000000815e+00,1.621494080281866701e+00,1.141336545605601938e+00
0.000000000000000000e+00,1.639200000000000879e+00,1.644579450061991910e+00,1.157086227706701553e+00
0.000000000000000000e+00,1.660800000000000942e+00,1.665869084628093466e+00,1.171349046786775538e+00
0.000000000000000000e+00,1.682400000000001006e+00,1.689512255330637425e+00,1.188955854421243519e+00
0.000000000000000000e+00,1.704000000000001069e+00,1.711684888954512651e+00,1.204518658973443790e+00
0.000000000000000000e+00,1.725600000000001133e+00,1.733638560309456178e+00,1.218478862446505051e+00
0.000000000000000000e+00,1.747200000000001197e+00,1.756325408726596038e+00,1.234255698268177603e+00
0.000000000000000000e+00,1.768800000000001260e+00,1.777970633767187003e+00,1.249277793686251581e+00
0.000000000000000000e+00,1.790400000000001324e+00,1.799730533576781921e+00,1.265397240467800444e+00
0.000000000000000000e+00,1.812000000000001387e+00,1.821571293615794396e+00,1.281279250137318915e+00
0.000000000000000000e+00,1.833600000000001451e+00,1.842894571711957141e+00,1.295235209976090207e+00
0.000000000000000000e+00,1.855200000000001515e+00,1.865450779286448091e+00,1.311306181505657031e+00
0.000000000000000000e+00,1.876800000000001578e+00,1.887921979247841664e+00,1.325754512098902271e+00
0.000000000000000000e+00,1.898400000000001642e+00,1.908898382905370505e+00,1.341008705437805704e+00
0.000000000000000000e+00,1.920000000000001705e+00,1.930538139832394195e+00,1.356326661967063085e+00
0.000000000000000000e+00,1.941600000000001769e+00,1.951029466133967105e+00,1.371629907711707785e+00
0.000000000000000000e+00,1.963200000000001832e+00,1.971101313915554876e+00,1.388608929455544816e+00
0.000000000000000000e+00,1.984800000000001896e+00,1.992513456415252238e+00,1.403369697563504603e+00
0.000000000000000000e+00,2.006400000000001960e+00,2.011901960937682698e+00,1.418035039325133972e+00
0.000000000000000000e+00,2.028000000000001801e+00,2.033314801344292988e+00,1.432796668151876229e+00
0.000000000000000000e+00,2.049200000000001687e+00,2.053111585068097877e+00,1.447658456110030301e+00
0.000000000000000000e+00,2.069155555555557413e+00,2.070995842424687705e+00,1.462903523077714096e+00
0.000000000000000000e+00,2.087022222222223888e+00,2.087882563515603973e+00,1.482536233761019062e+00
0.000000000000000000e+00,2.101955555555557353e+00,2.101651738007515480e+00,1.501490697266259833e+00
0.000000000000000000e+00,2.113111111111112717e+00,2.111311385633815707e+00,1.526602742968066861e+00
0.000000000000000000e+00,2.119644444444446219e+00,2.115853603575726272e+00,1.557177188615171959e+00
0.000000000000000000e+00,2.120711111111112768e+00,2.115338648575344926e+00,1.596689026990605331e+00
0.000000000000000000e+00,2.115466666666668161e+00,2.107137576385674560e+00,1.645495668176632620e+00
0.000000000000000000e+00,2.103066666666668194e+00,2.091588158209263693e+00,1.710029280398266405e+00
0.000000000000000000e+00,2.082666666666668220e+00,2.067354056520617434e+00,1.791797921327617393e+00
0.000000000000000000e+00,2.062266666666668247e+00,2.046074116227241557e+00,1.866820035367622754e+00
0.000000000000000000e+00,2.041866666666668273e+00,2.025334768530576035e+00,1.940237851183326034e+00
0.000000000000000000e+00,2.021466666666668299e+00,2.007210112745766661e+00,2.015248376522624785e+00
0.000000000000000000e+00,2.001066666666668326e+00,1.985646753228637706e+00,2.091595109203978176e+00
0.000000000000000000e+00,1.980666666666668352e+00,1.965949615426518582e+00,2.166395534983404758e+00
0.000000000000000000e+00,1.960266666666668378e+00,1.946972016312328746e+00,2.240785500126869501e+00
0.000000000000000000e+00,1.939866666666668404e+00,1.926228135261022656e+00,2.315085243208472310e+00
0.000000000000000000e+00,1.919466666666668431e+00,1.906560197707062088e+00,2.389735754627090092e+00
0.000000000000000000e+00,1.899066666666668457e+00,1.886668717865790823e+00,2.463655024528755622e+00
0.000000000000000000e+00,1.878666666666668483e+00,1.866698663539687608e+00,2.539622924687422678e+00
0.000000000000000000e+00,1.858266666666668510e+00,1.845846912147438568e+00,2.614771423113331661e+00
0.000000000000000000e+00,1.837866666666668536e+00,1.826336780453327036e+00,2.688876719117947900e+00
0.000000000000000000e+00,1.817466666666668562e+00,1.804835999706291050e+00,2.763768574802494715e+00
0.000000000000000000e+00,1.797066666666668588e+00,1.786618050002675595e+00,2.837805953501423062e+00
0.000000000000000000e+00,1.776666666666668615e+00,1.766656800505944203e+00,2.911403543018221018e+00
0.000000000000000000e+00,1.756266666666668641e+00,1.745435957797663029e+00,2.987758277088763847e+00
0.000000000000000000e+00,1.735866666666668667e+00,1.723542182189458982e+00,3.061961430118439242e+00
0.000000000000000000e+00,1.715466666666668694e+00,1.704711218902608572e+00,3.137486271750105971e+00
0.000000000000000000e+00,1.695066666666668720e+00,1.684868662986156673e+00,3.211736274950165893e+00
0.000000000000000000e+00,1.674666666666668746e+00,1.665484116593515473e+00,3.286054284089046540e+00
0.000000000000000000e+00,1.654266666666668772e+00,1.645546465010277348e+00,3.358835483835165281e+00
0.000000000000000000e+00,1.633866666666668799e+00,1.623221046430120662e+00,3.434391570001952054e+00
0.000000000000000000e+00,1.613466666666668825e+00,1.603919564470926762e+00,3.508254099067604326e+00
0.000000000000000000e+00,1.593066666666668851e+00,1.582116497680955636e+00,3.584191178356031404e+00
0.000000000000000000e+00,1.572666666666668878e+00,1.563522581997196070e+00,3.658611801338548908e+00
0.000000000000000000e+00,1.552266666666668904e+00,1.544467564244261792e+00,3.732594552459691961e+00
0.000000000000000000e+00,1.531866666666668930e+00,1.523925113878955573e+00,3.805549589170627023e+00
0.000000000000000000e+00,1.511466666666668957e+00,1.502525297269100779e+00,3.880782216882387115e+00
0.000000000000000000e+00,1.491066666666668983e+00,1.479538574823144659e+00,3.954400220801925325e+00
0.000000000000000000e+00,1.470666666666669009e+00,1.458769940202559567e+00,4.029338968168280743e+00
0.000000000000000000e+00,1.450266666666669035e+00,1.438592547276731137e+00,4.104792757875840969e+00
0.000000000000000000e+00,1.429866666666669062e+00,1.417486608551272953e+00,4.179347111503858514e+00
0.000000000000000000e+00,1.409466666666669088e+00,1.395750143443243774e+00,4.253387170716020904e+00
0.000000000000000000e+00,1.389066666666669114e+00,1.374371948492248308e+00,4.327662721271734902e+00
0.000000000000000000e+00,1.368666666666669141e+00,1.353622239106342606e+00,4.402431891548417298e+00
0.000000000000000000e+00,1.348266666666669167e+00,1.332610480884888426e+00,4.478521513914498264e+00
0.000000000000000000e+00,1.327866666666669193e+00,1.310571512449421938e+00,4.552449351209973294e+00
0.000000000000000000e+00,1.307466666666669219e+00,1.290711417360194790e+00,4.627145068817645424e+00
0.000000000000000000e+00,1.287066666666669246e+00,1.271638833182713091e+00,4.702438202155890146e+00
0.000000000000000000e+00,1.266666666666669272e+00,1.250915663437386360e+00,4.777622129316117849e+00
0.000000000000000000e+00,1.246298666666669330e+00,1.230246009932324691e+00,4.851497997333513723e+00
0.000000000000000000e+00,1.225956469248926650e+00,1.210370489954541551e+00,4.926404891061324953e+00
0.000000000000000000e+00,1.205634543384703328e+00,1.190605792767893911e+00,5.001645231014677506e+00
0.000000000000000000e+00,1.185328024434266103e+00,1.170156959249424533e+00,5.074804588294583141e+00
0.000000000000000000e+00,1.165032714146885917e+00,1.149248238497427854e+00,5.148972516731082472e+00
0.000000000000000000e+00,1.144745080660838354e+00,1.128109611692661440e+00,5.222775279764324985e+00
0.000000000000000000e+00,1.124462258503403866e+00,1.107430975340314205e+00,5.296583132554453677e+00
0.000000000000000000e+00,1.104182048590867327e+00,1.085667876891205808e+00,5.370641420959785250e+00
0.000000000000000000e+00,1.083902918228518253e+00,1.065964154219662730e+00,5.443253359863009955e+00
0.000000000000000000e+00,1.063624001110650585e+00,1.044370046759687254e+00,5.516840507951821237e+00
0.000000000000000000e+00,1.043345097320563131e+00,1.024685820497846400e+00,5.592203524898748945e+00
0.000000000000000000e+00,1.023066673330558896e+00,1.004844647074504049e+00,5.667747895873458397e+00
0.000000000000000000e+00,1.002789862001945753e+00,9.825002732901709779e-01,5.742715172860370920e+00
0.000000000000000000e+00,9.825164625850361100e-01,9.656992039080556367e-01,5.817434279456257684e+00
0.000000000000000000e+00,9.622489407191469057e-01,9.469290870304166718e-01,5.890076897025847025e+00
0.000000000000000000e+00,9.419904284325996136e-01,9.262193214897807003e-01,5.962164856738872309e+00
0.000000000000000000e+00,9.217447241427203508e-01,9.062425322196095978e-01,6.035066308095198728e+00
0.000000000000000000e+00,9.015162926558398793e-01,8.846211154684795464e-01,6.110068507397768300e+00
0.000000000000000000e+00,8.813102651672933829e-01,8.651763289993220640e-01,6.183722446053166344e+00
0.000000000000000000e+00,8.611324392614208012e-01,8.448156196272935681e-01,6.257920058416152287e+00
0.000000000000000000e+00,8.409892789115666067e-01,8.229941710626953455e-01,6.332734260737300502e+00
0.000000000000000000e+00,8.208879144800796945e-01,8.002189447112894038e-01,6.406976811454850207e+00
0.000000000000000000e+00,8.008361427183137149e-01,7.794264461542843581e-01,6.481398966827575769e+00
0.000000000000000000e+00,7.808424267666269625e-01,7.567521263733890668e-01,6.554887456091068820e+00
0.000000000000000000e+00,7.609158961543820432e-01,7.364136242532036691e-01,6.630211203351124460e+00
0.000000000000000000e+00,7.410663467999464293e-01,7.168402717652728739e-01,6.705338007064882255e+00
0.000000000000000000e+00,7.213042410106919045e-01,6.978616249374052227e-01,6.777599940727395911e+00
0.000000000000000000e+00,7.016407074829951185e-01,6.769741856791557932e-01,6.852468030542048893e+00
0.000000000000000000e+00,6.820875413022371436e-01,6.563877588631755744e-01,6.927529986366103287e+00
0.000000000000000000e+00,6.626572039428035854e-01,6.374513688936354061e-01,7.002075846059118369e+00
0.000000000000000000e+00,6.433628232680846937e-01,6.187514022496953814e-01,7.076696009870951265e+00
0.000000000000000000e+00,6.242181935304753626e-01,6.003644119150802760e-01,7.152273506408012516e+00
0.000000000000000000e+00,6.052377753713750197e-01,5.799857275861685091e-01,7.227098432994845112e+00
0.000000000000000000e+00,5.864366958211876257e-01,5.605098400707696493e-01,7.300748663341340539e+00
0.000000000000000000e+00,5.678307482993216748e-01,5.422061886521529761e-01,7.376472342422596640e+00
0.000000000000000000e+00,5.494363926141905274e-01,5.241739822473783228e-01,7.451711361787830334e+00
0.000000000000000000e+00,5.312707549632117443e-01,5.077065774004366761e-01,7.524947787951900224e+00
0.000000000000000000e+00,5.133516279328077525e-01,4.906052705925455504e-01,7.599778532411636256e+00
0.000000000000000000e+00,4.956974704984054014e-01,4.722508100463519432e-01,7.672926531674278294e+00
0.000000000000000000e+00,4.783274080244362403e-01,4.568260603782461904e-01,7.748886818674098009e+00
0.000000000000000000e+00,4.612612322643362961e-01,4.396187614251223508e-01,7.821421429501122624e+00
0.000000000000000000e+00,4.445194013605461847e-01,4.215759597404067915e-01,7.897099359467814494e+00
0.000000000000000000e+00,4.281230398445111662e-01,4.071191771325980424e-01,7.970781676066710730e+00
0.000000000000000000e+00,4.120939386366810897e-01,3.906583894405180613e-01,8.045142616065065866e+00
0.000000000000000000e+00,3.964545550465103374e-01,3.758379380252581115e-01,8.118503199011655624e+00
0.000000000000000000e+00,3.812280127724578804e-01,3.602015932332763848e-01,8.192519349526753203e+00
0.000000000000000000e+00,3.664381019019872232e-01,3.446146028941237116e-01,8.267156920484550753e+00
0.000000000000000000e+00,3.521092789115665700e-01,3.305568688918910092e-01,8.340265445268917333e+00
0.000000000000000000e+00,3.382666666666686028e-01,3.191455509832276105e-01,8.416268516625548202e+00
0.000000000000000000e+00,3.249360544217706481e-01,3.077634574528814726e-01,8.490663487887887939e+00
0.000000000000000000e+00,3.116054421768726934e-01,2.924210470574033494e-01,8.565502354570201149e+00
0.000000000000000000e+00,2.982748299319747387e-01,2.788856249406323484e-01,8.640078649212089346e+00
0.000000000000000000e+00,2.849442176870767840e-01,2.641517436369310023e-01,8.714003287532571917e+00
0.000000000000000000e+00,2.716136054421788293e-01,2.497973939873646687e-01,8.789576238127450480e+00
0.000000000000000000e+00,2.582829931972808746e-01,2.362812428957322408e-01,8.863279286377583333e+00
0.000000000000000000e+00,2.449523809523829199e-01,2.237891712771669095e-01,8.936571850093683267e+00
0.000000000000000000e+00,2.316217687074849652e-01,2.112071892804776863e-01,9.012340481479474974e+00
0.000000000000000000e+00,2.182911564625870104e-01,1.980266936855496485e-01,9.086734927542968521e+00
0.000000000000000000e+00,2.049605442176890557e-01,1.847207252813242995e-01,9.161125368790639101e+00
0.000000000000000000e+00,1.916299319727911010e-01,1.709743476088747549e-01,9.235303246279361389e+00
0.000000000000000000e+00,1.782993197278931463e-01,1.568389791010889045e-01,9.308806122942941741e+00
0.000000000000000000e+00,1.649687074829951916e-01,1.438578053375228205e-01,9.383732405896523687e+00
0.000000000000000000e+00,1.516380952380972369e-01,1.321528833442632000e-01,9.459822218234331004e+00
0.000000000000000000e+00,1.383074829931992822e-01,1.200136650498255658e-01,9.534692607422805111e+00
0.000000000000000000e+00,1.249768707483013136e-01,1.067974832129411772e-01,9.607415136126352451e+00
0.000000000000000000e+00,1.116462585034033450e-01,9.502569101494326431e-02,9.681036022432540022e+00
0.000000000000000000e+00,9.831564625850537642e-02,8.125680763177926813e-02,9.755637442008744387e+00
0.000000000000000000e+00,8.498503401360740783e-02,6.832980960638396217e-02,9.828965282358064215e+00
0.000000000000000000e+00,7.165442176870943924e-02,5.414612040286503197e-02,9.902611019466991849e+00
0.000000000000000000e+00,5.832380952381147760e-02,4.043828947033641791e-02,9.977230250526329058e+00
0.000000000000000000e+00,4.499319727891351595e-02,2.651812768192950490e-02,1.005078642254290777e+01
0.000000000000000000e+00,3.166258503401555430e-02,1.380841858704310796e-02,1.012549671138758889e+01
0.000000000000000000e+00,1.833197278911759265e-02,-6.786834855405626376e-04,1.019831399299306973e+01
0.000000000000000000e+00,5.001360544219629264e-03,-1.488659704235729096e-02,1.027231026342704290e+01
0.000000000000000000e+00,-8.329251700678334119e-03,-2.858100323579396140e-02,1.034629989985097609e+01
0.000000000000000000e+00,-2.165986394557629924e-02,-4.186412964789913010e-02,1.042083617547189967e+01
0.000000000000000000e+00,-3.499047619047426089e-02,-5.512074058079272088e-02,1.049470239228060109e+01
0.000000000000000000e+00,-4.832108843537222254e-02,-6.820621812734883882e-02,1.056779127976821719e+01
0.000000000000000000e+00,-6.165170068027018418e-02,-8.235147161947337091e-02,1.064216245644938930e+01
0.000000000000000000e+00,-7.498231292516814583e-02,-9.550089284574039827e-02,1.071558853185937821e+01
0.000000000000000000e+00,-8.831292517006611442e-02,-1.095191345329305926e-01,1.078973949594030657e+01
0.000000000000000000e+00,-1.016435374149640830e-01,-1.232525151189399482e-01,1.086336825982492726e+01
0.000000000000000000e+00,-1.149741496598620516e-01,-1.359460254352704567e-01,1.093792034395294621e+01
0.000000000000000000e+00,-1.283047619047600063e-01,-1.496169319304539169e-01,1.101174780136633835e+01
0.000000000000000000e+00,-1.416353741496579610e-01,-1.635419004268697518e-01,1.108655751192142702e+01
0.000000000000000000e+00,-1.549659863945559157e-01,-1.781617430870850172e-01,1.116109960933165723e+01
0.000000000000000000e+00,-1.682965986394538704e-01,-1.907605284192513406e-01,1.123485550919047071e+01
0.000000000000000000e+00,-1.816272108843518251e-01,-2.054558536652806300e-01,1.130950634876587024e+01
0.000000000000000000e+00,-1.949578231292497799e-01,-2.204630854155596176e-01,1.138300702211449966e+01
0.000000000000000000e+00,-2.082884353741477346e-01,-2.336586393148050167e-01,1.145648219451802596e+01
0.000000000000000000e+00,-2.216190476190456893e-01,-2.463726944869992497e-01,1.153180041145046530e+01
0.000000000000000000e+00,-2.349496598639436440e-01,-2.591453304905353971e-01,1.160513475447213949e+01
0.000000000000000000e+00,-2.482802721088415987e-01,-2.734292195680935733e-01,1.167879907964047170e+01
0.000000000000000000e+00,-2.616108843537395812e-01,-2.873950807722859269e-01,1.175355199949448348e+01
0.000000000000000000e+00,-2.749414965986375359e-01,-3.007149338188526699e-01,1.182875672847811899e+01
0.000000000000000000e+00,-2.882721088435354906e-01,-3.136568373341677152e-01,1.190338025602660821e+01
0.000000000000000000e+00,-3.016027210884334453e-01,-3.268544208317866184e-01,1.197839696901796103e+01
0.000000000000000000e+00,-3.149333333333314000e-01,-3.415931400610389690e-01,1.205256771424372886e+01
0.000000000000000000e+00,-3.282639455782293547e-01,-3.559855388716968716e-01,1.212696588375696294e+01
0.000000000000000000e+00,-3.415945578231273094e-01,-3.701941872304053138e-01,1.220227724454080409e+01
0.000000000000000000e+00,-3.549251700680252641e-01,-3.823942931890367825e-01,1.227703360672995636e+01
0.000000000000000000e+00,-3.682557823129232188e-01,-3.951944686306697596e-01,1.235054916289366389e+01
0.000000000000000000e+00,-3.815863945578211736e-01,-4.087356048148786947e-01,1.242401871353633602e+01
0.000000000000000000e+00,-3.949170068027191283e-01,-4.207814955764957454e-01,1.249769976647631964e+01
0.000000000000000000e+00,-4.082476190476170830e-01,-4.347759111325839587e-01,1.257264345080788459e+01
0.000000000000000000e+00,-4.215782312925150377e-01,-4.482644215368623564e-01,1.264754841649901707e+01
0.000000000000000000e+00,-4.349088435374129924e-01,-4.610153976728801339e-01,1.272189161829751569e+01
0.000000000000000000e+00,-4.482394557823109471e-01,-4.731831727168354651e-01,1.279456718124344938e+01
0.000000000000000000e+00,-4.615700680272089018e-01,-4.866640773727811675e-01,1.286926742394351209e+01
0.000000000000000000e+00,-4.749006802721068565e-01,-4.971298199596308476e-01,1.294285573971508896e+01
0.000000000000000000e+00,-4.882312925170048112e-01,-5.110956772310523144e-01,1.301840793843395616e+01
0.000000000000000000e+00,-5.015619047619027659e-01,-5.257960814097514257e-01,1.309071842932827678e+01
0.000000000000000000e+00,-5.148925170068007207e-01,-5.395262887231588866e-01,1.316550084800068454e+01
0.000000000000000000e+00,-5.282231292516986754e-01,-5.524962493376902595e-01,1.323898447391222888e+01
0.000000000000000000e+00,-5.415537414965966301e-01,-5.676359572663169928e-01,1.331306919162864055e+01
0.000000000000000000e+00,-5.548843537414945848e-01,-5.814846771280252069e-01,1.338826963368566680e+01
0.000000000000000000e+00,-5.682149659863925395e-01,-5.944202936181876007e-01,1.346267682895496876e+01
0.000000000000000000e+00,-5.815455782312904942e-01,-6.096491662464207373e-01,1.353668832236208530e+01
0.000000000000000000e+00,-5.948761904761884489e-01,-6.248378811587458337e-01,1.360973491784656986e+01
0.000000000000000000e+00,-6.082068027210864036e-01,-6.379219168088373637e-01,1.368431499568067800e+01
0.000000000000000000e+00,-6.215374149659843583e-01,-6.506637512746161756e-01,1.375772595668065001e+01
0.000000000000000000e+00,-6.348680272108823130e-01,-6.638448887829266898e-01,1.383269093380608261e+01
0.000000000000000000e+00,-6.481986394557802678e-01,-6.765122892090087436e-01,1.390769720715083935e+01
0.000000000000000000e+00,-6.615292517006782225e-01,-6.897180184215643273e-01,1.398144054703427308e+01
0.000000000000000000e+00,-6.748598639455761772e-01,-7.026003672616446538e-01,1.405651003892105244e+01
0.000000000000000000e+00,-6.881904761904741319e-01,-7.160304662397951603e-01,1.412971498796609815e+01
0.000000000000000000e+00,-7.015210884353720866e-01,-7.311151936912425597e-01,1.420480387854815163e+01
0.000000000000000000e+00,-7.148517006802700413e-01,-7.434081304734964091e-01,1.427859120187222608e+01
0.000000000000000000e+00,-7.281823129251679960e-01,-7.546906169735814185e-01,1.435365920777402415e+01
0.000000000000000000e+00,-7.415129251700659507e-01,-7.675217675522043592e-01,1.442693723191696797e+01
0.000000000000000000e+00,-7.548435374149639054e-01,-7.805946604884503870e-01,1.450232825746369514e+01
0.000000000000000000e+00,-7.681741496598618602e-01,-7.934166776361630813e-01,1.457566136351017860e+01
0.000000000000000000e+00,-7.815047619047598149e-01,-8.061183296981443425e-01,1.465080126276018113e+01
0.000000000000000000e+00,-7.948353741496577696e-01,-8.195084692861429598e-01,1.472461816877560103e+01
0.000000000000000000e+00,-8.081659863945557243e-01,-8.314977028872088116e-01,1.479897553143583266e+01
0.000000000000000000e+00,-8.214965986394536790e-01,-8.435367008108320963e-01,1.487382266387822227e+01
0.000000000000000000e+00,-8.348272108843516337e-01,-8.569612894163850525e-01,1.494672995485326439e+01
0.000000000000000000e+00,-8.481578231292495884e-01,-8.712788595169499439e-01,1.502070732406908604e+01
0.000000000000000000e+00,-8.614884353741475431e-01,-8.848562025498271089e-01,1.509508672898306081e+01
0.000000000000000000e+00,-8.748190476190454978e-01,-8.980914336957016575e-01,1.516946081290566539e+01
0.000000000000000000e+00,-8.881496598639434525e-01,-9.099760529363067896e-01,1.524344886517336128e+01
0.000000000000000000e+00,-9.014802721088414073e-01,-9.227538786969728957e-01,1.531690645163378939e+01
0.000000000000000000e+00,-9.148108843537393620e-01,-9.365618753440158040e-01,1.539081658540050590e+01
0.000000000000000000e+00,-9.281414965986373167e-01,-9.515111713222552670e-01,1.546551131030767223e+01
0.000000000000000000e+00,-9.414721088435352714e-01,-9.665865699697574476e-01,1.554096664603297206e+01
0.000000000000000000e+00,-9.548027210884332261e-01,-9.782265233627065459e-01,1.561656440909615995e+01
0.000000000000000000e+00,-9.681333333333311808e-01,-9.928203479745826288e-01,1.569093502357083558e+01
0.000000000000000000e+00,-9.814639455782291355e-01,-1.006141601241652417e+00,1.576425884182475379e+01
0.000000000000000000e+00,-9.947945578231270902e-01,-1.019807464071538883e+00,1.584063613232019208e+01
0.000000000000000000e+00,-1.008125170068025156e+00,-1.031678918952902757e+00,1.591367613562332295e+01
0.000000000000000000e+00,-1.019407782312923061e+00,-1.041795387081511315e+00,1.599133725869584843e+01
0.000000000000000000e+00,-1.028778881409811996e+00,-1.050389327199751310e+00,1.606994491622074861e+01
0.000000000000000000e+00,-1.036368751355686735e+00,-1.058334592288488585e+00,1.615046986233453197e+01
0.000000000000000000e+00,-1.042301617544987291e+00,-1.062851076774504078e+00,1.623350305573984897e+01
0.000000000000000000e+00,-1.046695791022041577e+00,-1.067908361499291470e+00,1.631770795637879345e+01
0.000000000000000000e+00,-1.049663812733506063e+00,-1.072309575421778183e+00,1.640153446498485224e+01
0.000000000000000000e+00,-1.051312597780808211e+00,-1.074112946448966710e+00,1.648812152882778648e+01
0.000000000000000000e+00,-1.051743579672588247e+00,-1.073248062353071575e+00,1.657428700644041797e+01
0.000000000000000000e+00,-1.051052854577140705e+00,-1.072109579808021573e+00,1.666434920116461527e+01
0.000000000000000000e+00,-1.049331325574856200e+00,-1.071135084168588048e+00,1.675536850799371891e+01
0.000000000000000000e+00,-1.046664846910663194e+00,-1.066045849952400149e+00,1.684629379247135361e+01
0.000000000000000000e+00,-1.043134368246470212e+00,-1.061733035518424240e+00,1.693694326837141517e+01
0.000000000000000000e+00,-1.038816078913607166e+00,-1.057414671478227763e+00,1.702777816671607880e+01
0.000000000000000000e+00,-1.033781552165266904e+00,-1.051742238315866107e+00,1.712096706959971115e+01
0.000000000000000000e+00,-1.028097889428947642e+00,-1.047749901777933701e+00,1.721638011602812668e+01
0.000000000000000000e+00,-1.021827864558894516e+00,-1.041358201318865806e+00,1.731028384262199182e+01
0.000000000000000000e+00,-1.015030068088540682e+00,-1.033557710311110212e+00,1.740556178410921717e+01
0.000000000000000000e+00,-1.007759051482950197e+00,-1.026244368759283265e+00,1.750184773534791205e+01
0.000000000000000000e+00,-1.000065471391259120e+00,-1.018157435663431309e+00,1.759780434250858150e+01
0.000000000000000000e+00,-9.919962338991172857e-01,-1.009993359185999751e+00,1.769314187335551480e+01
0.000000000000000000e+00,-9.835946387811301816e-01,-1.001523110033986086e+00,1.779050402919651219e+01
0.000000000000000000e+00,-9.749005237533008295e-01,-9.931736473574440671e-01,1.788652721051337124e+01
0.000000000000000000e+00,-9.659504087254715543e-01,-9.832159636850548168e-01,1.798325367269779917e+01
0.000000000000000000e+00,-9.567776400537654213e-01,-9.760863044174754588e-01,1.808076834979566883e+01
0.000000000000000000e+00,-9.474125347930285601e-01,-9.667409108503467463e-01,1.817607043672015266e+01
0.000000000000000000e+00,-9.378825249492713789e-01,-9.567482482584747094e-01,1.827443136831564985e+01
0.000000000000000000e+00,-9.282123017321107783e-01,-9.468510304639534692e-01,1.837109261968290141e+01
0.000000000000000000e+00,-9.184239598072115873e-01,-9.374207937630907317e-01,1.846805731063810896e+01
0.000000000000000000e+00,-9.085371415487286662e-01,-9.269435960055802948e-01,1.856355685533603506e+01
0.000000000000000000e+00,-8.985691812917483423e-01,-9.152943643362754234e-01,1.866216985580815901e+01
0.000000000000000000e+00,-8.885352495847304022e-01,-9.044702828466051336e-01,1.875809915167804931e+01
0.000000000000000000e+00,-8.784484974419499714e-01,-8.938892142255855378e-01,1.885523918139924504e+01
0.000000000000000000e+00,-8.683202005959388403e-01,-8.832107265160872300e-01,1.895191648993666433e+01
0.000000000000000000e+00,-8.581599037499276772e-01,-8.732045803202678202e-01,1.904961113780651871e+01
0.000000000000000000e+00,-8.479755648302876869e-01,-8.626836559445535402e-01,1.914739302875831584e+01
0.000000000000000000e+00,-8.377736992389722692e-01,-8.541303506620665509e-01,1.924507944049109653e+01
0.000000000000000000e+00,-8.275595241059588991e-01,-8.450793397148996799e-01,1.934294716274142800e+01
0.000000000000000000e+00,-8.173371025416907854e-01,-8.356286937021387695e-01,1.944027658727303987e+01
0.000000000000000000e+00,-8.071094878895188618e-01,-8.255078956496298970e-01,1.953761582014193010e+01
0.000000000000000000e+00,-7.968788679781433348e-01,-8.156474658604634387e-01,1.963551406439939129e+01
0.000000000000000000e+00,-7.866467093740555638e-01,-8.062174522541913912e-01,1.973206585899133358e+01
0.000000000000000000e+00,-7.764139016339798305e-01,-7.979333521483865654e-01,1.983036148559785516e+01
0.000000000000000000e+00,-7.661809015573151083e-01,-7.876933754894021034e-01,1.992870612945385744e+01
0.000000000000000000e+00,-7.559478774385767208e-01,-7.769497591261211866e-01,2.002561509861574152e+01
0.000000000000000000e+00,-7.457148533198383333e-01,-7.668050604595620934e-01,2.012340124737097824e+01
0.000000000000000000e+00,-7.354818532431735001e-01,-7.569810918882752260e-01,2.022029680605371027e+01
0.000000000000000000e+00,-7.252490455030977667e-01,-7.459153263014742796e-01,2.031832928683457595e+01
0.000000000000000000e+00,-7.150168868990099957e-01,-7.360502380014238843e-01,2.041675242377857913e+01
0.000000000000000000e+00,-7.047862669876344688e-01,-7.282501457993189042e-01,2.051351958537826903e+01
0.000000000000000000e+00,-6.945586523354625452e-01,-7.180364308870307299e-01,2.061095541002506337e+01
0.000000000000000000e+00,-6.843362307711944315e-01,-7.082278045376030340e-01,2.070731938228308522e+01
0.000000000000000000e+00,-6.741220556381810614e-01,-6.981322539469335675e-01,2.080387873313208402e+01
0.000000000000000000e+00,-6.639201900468656437e-01,-6.894220594830914317e-01,2.090049353538063670e+01
0.000000000000000000e+00,-6.537358511272256534e-01,-6.793564136008289900e-01,2.099754195683162550e+01
0.000000000000000000e+00,-6.435755542812144903e-01,-6.673053947591577328e-01,2.109385723765955234e+01
0.000000000000000000e+00,-6.334472574352033591e-01,-6.566651431813171902e-01,2.119169892313325221e+01
0.000000000000000000e+00,-6.233605052924229284e-01,-6.471295108286909681e-01,2.128889074932043002e+01
0.000000000000000000e+00,-6.133265735854049883e-01,-6.369699592062170179e-01,2.138691006865050781e+01
0.000000000000000000e+00,-6.033586133284246644e-01,-6.262296227132581050e-01,2.148321781693734422e+01
0.000000000000000000e+00,-5.934717950699417433e-01,-6.168641692794264442e-01,2.158247518990432567e+01
0.000000000000000000e+00,-5.836834531450425523e-01,-6.080424056020344858e-01,2.168154106359774858e+01
0.000000000000000000e+00,-5.740132299278819517e-01,-5.988170342820310355e-01,2.177819374165815702e+01
0.000000000000000000e+00,-5.644832200841247705e-01,-5.898078413125916741e-01,2.187458767292818251e+01
0.000000000000000000e+00,-5.551181148233879092e-01,-5.797055156168103851e-01,2.197120337158899872e+01
0.000000000000000000e+00,-5.459453461516817763e-01,-5.724413292296032241e-01,2.206654732897180793e+01
0.000000000000000000e+00,-5.369952311238525011e-01,-5.627907515288622653e-01,2.216242087877279587e+01
0.000000000000000000e+00,-5.283011160960231489e-01,-5.559152089417646048e-01,2.225922412434107756e+01
0.000000000000000000e+00,-5.198995209780360449e-01,-5.486709059110450593e-01,2.235494858712245403e+01
0.000000000000000000e+00,-5.118302834858942107e-01,-5.414410871135976189e-01,2.245053545826766950e+01
0.000000000000000000e+00,-5.041367033942031339e-01,-5.321240008569401159e-01,2.254733737216679401e+01
0.000000000000000000e+00,-4.968656867886127593e-01,-5.273534698357954520e-01,2.264105582350448387e+01
0.000000000000000000e+00,-4.900678903182590362e-01,-5.188706810396194191e-01,2.273518007823874143e+01
0.000000000000000000e+00,-4.837978654482058549e-01,-5.127821965983195840e-01,2.283010689746809163e+01
0.000000000000000000e+00,-4.781142027118867044e-01,-5.060175201275957102e-01,2.292339111076588765e+01
0.000000000000000000e+00,-4.730796759635464976e-01,-5.006179057483909345e-01,2.301550982899127362e+01
0.000000000000000000e+00,-4.687613866306833965e-01,-4.974572377685120839e-01,2.310582316280605752e+01
0.000000000000000000e+00,-4.652309079664904701e-01,-4.945896668165146726e-01,2.319713049561726237e+01
0.000000000000000000e+00,-4.625644293022975195e-01,-4.941051637441527533e-01,2.328591024767148099e+01
0.000000000000000000e+00,-4.608429003000129032e-01,-4.926696624123292345e-01,2.337573957130924285e+01
0.000000000000000000e+00,-4.601521752045652502e-01,-4.928590661046158838e-01,2.346453069959468252e+01
0.000000000000000000e+00,-4.605831570963452859e-01,-4.930000627547058700e-01,2.355169456656886950e+01
0.000000000000000000e+00,-4.622319421436474340e-01,-4.955316707413717769e-01,2.363645457836946306e+01
0.000000000000000000e+00,-4.651999638551118643e-01,-4.978676640176316615e-01,2.372236779283861452e+01
0.000000000000000000e+00,-4.695941373321660950e-01,-5.022849560587181461e-01,2.380422989849003201e+01
0.000000000000000000e+00,-4.755270035214667623e-01,-5.112694412246286957e-01,2.388443427198638958e+01
0.000000000000000000e+00,-4.831168734673414455e-01,-5.199704315926599874e-01,2.396302904082923391e+01
0.000000000000000000e+00,-4.924879725642303807e-01,-5.305722176031231196e-01,2.403982530806820606e+01
0.000000000000000000e+00,-5.037705848091283967e-01,-5.419603165960569235e-01,2.411449655383468027e+01
0.000000000000000000e+00,-5.171011970540263514e-01,-5.566055885846714624e-01,2.418726062954715417e+01
0.000000000000000000e+00,-5.326226432583532899e-01,-5.723432288342832353e-01,2.425885409726507547e+01
0.000000000000000000e+00,-5.504842487414181029e-01,-5.915289896951364534e-01,2.432658957915108289e+01
0.000000000000000000e+00,-5.708419744348509628e-01,-6.122082595531438409e-01,2.439330730906085165e+01
0.000000000000000000e+00,-5.938585611350457594e-01,-6.359976905842593675e-01,2.445691032635820861e+01
0.000000000000000000e+00,-6.197036737556010921e-01,-6.635438622723354163e-01,2.451751210904269485e+01
0.000000000000000000e+00,-6.485540455797628168e-01,-6.936539632945789569e-01,2.457647297735302416e+01
0.000000000000000000e+00,-6.805936225128651484e-01,-7.300018226518139031e-01,2.463059697840578011e+01
0.000000000000000000e+00,-7.160137073347728753e-01,-7.666524478496931083e-01,2.468018159419174040e+01
0.000000000000000000e+00,-7.550131039523230170e-01,-8.081793151296633448e-01,2.472651262683015361e+01
0.000000000000000000e+00,-7.977982616517664827e-01,-8.533880233763539991e-01,2.477144458137391325e+01
0.000000000000000000e+00,-8.445834193512099519e-01,-9.030375465412302516e-01,2.481076146118995140e+01
0.000000000000000000e+00,-8.913685770506534212e-01,-9.500280846630467790e-01,2.484934987373613779e+01
0.000000000000000000e+00,-9.381537347500968904e-01,-9.981213698074308249e-01,2.489049576759454396e+01
0.000000000000000000e+00,-9.849388924495403597e-01,-1.044985782632944726e+00,2.493014447164320302e+01
0.000000000000000000e+00,-1.031724050148983718e+00,-1.092276465459545376e+00,2.497261156291470030e+01
0.000000000000000000e+00,-1.078509207848427076e+00,-1.138249633649571990e+00,2.501214910445475681e+01
0.000000000000000000e+00,-1.125294365547870434e+00,-1.185673691128839469e+00,2.505407959594561973e+01
0.000000000000000000e+00,-1.172079523247313793e+00,-1.232294056974562402e+00,2.509459238734455155e+01
0.000000000000000000e+00,-1.218864680946757151e+00,-1.280726874378994351e+00,2.513565556754928565e+01
0.000000000000000000e+00,-1.265649838646200509e+00,-1.328789433063941816e+00,2.517670305188340762e+01
0.000000000000000000e+00,-1.312434996345643867e+00,-1.376365315416840485e+00,2.521739807169843672e+01
0.000000000000000000e+00,-1.359220154045087225e+00,-1.422155665143451930e+00,2.525971342709842560e+01
0.000000000000000000e+00,-1.406005311744530584e+00,-1.469491717440220668e+00,2.530014359001048163e+01
0.000000000000000000e+00,-1.452790469443973942e+00,-1.516052713424743015e+00,2.533961272936829801e+01
0.000000000000000000e+00,-1.499575627143417300e+00,-1.563782700520998103e+00,2.538115780505845365e+01
0.000000000000000000e+00,-1.546360784842860658e+00,-1.611702824556285440e+00,2.542261710581946232e+01
0.000000000000000000e+00,-1.593145942542304017e+00,-1.657797184900526188e+00,2.546135553425227016e+01
0.000000000000000000e+00,-1.639931100241747375e+00,-1.704301758183237592e+00,2.550297800656898062e+01
0.000000000000000000e+00,-1.686716257941190733e+00,-1.751881905838180487e+00,2.554455024817010766e+01
0.000000000000000000e+00,-1.733501415640634091e+00,-1.799686113052434866e+00,2.558578749523228524e+01
0.000000000000000000e+00,-1.780286573340077450e+00,-1.846522866579289879e+00,2.562622050697653009e+01
0.000000000000000000e+00,-1.827071731039520808e+00,-1.891839422352586730e+00,2.566650398443247383e+01
0.000000000000000000e+00,-1.873856888738964166e+00,-1.939847195788740875e+00,2.570780843511849056e+01
0.000000000000000000e+00,-1.920642046438407524e+00,-1.984694703885732547e+00,2.574977722264122448e+01
0.000000000000000000e+00,-1.967427204137850882e+00,-2.032453628711991644e+00,2.579141915810170005e+01
0.000000000000000000e+00,-2.014212361837294463e+00,-2.080121698462208624e+00,2.583209739640090064e+01
0.000000000000000000e+00,-2.060997519536738043e+00,-2.126585743214195912e+00,2.587345389889959080e+01
0.000000000000000000e+00,-2.107782677236181623e+00,-2.172186949860771765e+00,2.591441862941716323e+01
0.000000000000000000e+00,-2.154567834935625203e+00,-2.218947921375991950e+00,2.595503533033989996e+01
0.000000000000000000e+00,-2.201352992635068784e+00,-2.264784914767846047e+00,2.599619662153355648e+01
0.000000000000000000e+00,-2.248138150334512364e+00,-2.311356290983645145e+00,2.603757084307655845e+01
0.000000000000000000e+00,-2.294923308033955944e+00,-2.358244817588057707e+00,2.607893506015727780e+01
0.000000000000000000e+00,-2.341708465733399525e+00,-2.404350331911325078e+00,2.612034069843457829e+01
0.000000000000000000e+00,-2.388493623432843105e+00,-2.451016349830093422e+00,2.615971770464552648e+01
0.000000000000000000e+00,-2.435278781132286685e+00,-2.497980252033059401e+00,2.619951841557255889e+01
0.000000000000000000e+00,-2.482063938831730265e+00,-2.545707467244970879e+00,2.623868697032326125e+01
0.000000000000000000e+00,-2.528849096531173846e+00,-2.592031110355008217e+00,2.627978106463820751e+01
0.000000000000000000e+00,-2.575634254230617426e+00,-2.639994721481769613e+00,2.632119230212049388e+01
0.000000000000000000e+00,-2.622419411930061006e+00,-2.687963600878635173e+00,2.636164354036953128e+01
0.000000000000000000e+00,-2.669204569629504586e+00,-2.732623108433625880e+00,2.640127668436098318e+01
0.000000000000000000e+00,-2.715989727328948167e+00,-2.779181807429935258e+00,2.644310757866282557e+01
0.000000000000000000e+00,-2.762774885028391747e+00,-2.824893533077597496e+00,2.648299902146370144e+01
0.000000000000000000e+00,-2.809560042727835327e+00,-2.872048940912803161e+00,2.652292222409199240e+01
0.000000000000000000e+00,-2.856345200427278908e+00,-2.918895326626290032e+00,2.656301386693460742e+01
0.000000000000000000e+00,-2.903130358126722488e+00,-2.966833079129244766e+00,2.660353195170569762e+01
0.000000000000000000e+00,-2.949915515826166068e+00,-3.013813294142170918e+00,2.664384051959153510e+01
0.000000000000000000e+00,-2.996700673525609648e+00,-3.059762493764707436e+00,2.668413644590164679e+01
0.000000000000000000e+00,-3.043485831225053229e+00,-3.104897549132364265e+00,2.672490828532065521e+01
0.000000000000000000e+00,-3.090270988924496809e+00,-3.150339407289506788e+00,2.676685287673317504e+01
0.000000000000000000e+00,-3.137056146623940389e+00,-3.198625317240426646e+00,2.680738708957430916e+01
0.000000000000000000e+00,-3.183841304323383969e+00,-3.246394925219254546e+00,2.684840234629354327e+01
0.000000000000000000e+00,-3.230626462022827550e+00,-3.292865638237326031e+00,2.689007208973765017e+01
0.000000000000000000e+00,-3.277411619722271130e+00,-3.340047916755816804e+00,2.692993414665933116e+01
0.000000000000000000e+00,-3.324196777421714710e+00,-3.384867931869165236e+00,2.697115270126069575e+01
0.000000000000000000e+00,-3.370981935121158291e+00,-3.431775423699366279e+00,2.701241113945021155e+01
0.000000000000000000e+00,-3.417767092820601871e+00,-3.476884601992455970e+00,2.705268747456464240e+01
0.000000000000000000e+00,-3.464552250520045451e+00,-3.525495986459564524e+00,2.709291155614091196e+01
0.000000000000000000e+00,-3.511337408219489031e+00,-3.572877893838908747e+00,2.713474956410649241e+01
0.000000000000000000e+00,-3.558122565918932612e+00,-3.619016774205449316e+00,2.717483552222302734e+01
0.000000000000000000e+00,-3.604907723618376192e+00,-3.665536684010138657e+00,2.721500756857754411e+01
0.000000000000000000e+00,-3.651692881317819772e+00,-3.714733394520584930e+00,2.725554962060589759e+01
0.000000000000000000e+00,-3.698478039017263352e+00,-3.761507295507183546e+00,2.729739039492495678e+01
0.000000000000000000e+00,-3.745263196716706933e+00,-3.808230480413342445e+00,2.733745918315666401e+01
0.000000000000000000e+00,-3.792048354416150513e+00,-3.854252377554028275e+00,2.737859646275713033e+01
0.000000000000000000e+00,-3.838833512115594093e+00,-3.901451287722257355e+00,2.742142531376668657e+01
0.000000000000000000e+00,-3.885618669815037673e+00,-3.949423938394365230e+00,2.746269223889979827e+01
0.000000000000000000e+00,-3.932403827514481254e+00,-3.998103466831079089e+00,2.750299399833848213e+01
0.000000000000000000e+00,-3.979188985213924834e+00,-4.045322717623826669e+00,2.754403603706469283e+01
0.000000000000000000e+00,-4.025974142913367970e+00,-4.092224871570335765e+00,2.758495582045362582e+01
0.000000000000000000e+00,-4.072759300612811550e+00,-4.137220013086182036e+00,2.762504818851288135e+01
0.000000000000000000e+00,-4.119544458312255131e+00,-4.184778200015697003e+00,2.766418137774794772e+01
0.000000000000000000e+00,-4.166329616011698711e+00,-4.232823110688334722e+00,2.770713555287292351e+01
0.000000000000000000e+00,-4.213114773711142291e+00,-4.278395459176659976e+00,2.774669856696601755e+01
0.000000000000000000e+00,-4.259899931410585872e+00,-4.323450721728573143e+00,2.779026067063610483e+01
0.000000000000000000e+00,-4.306685089110029452e+00,-4.369925205533015777e+00,2.783326126103461107e+01
0.000000000000000000e+00,-4.353470246809473032e+00,-4.419191142518901216e+00,2.787295746061860768e+01
0.000000000000000000e+00,-4.400255404508916612e+00,-4.466618779870118239e+00,2.791277736393081454e+01
0.000000000000000000e+00,-4.447040562208360193e+00,-4.511701372335394922e+00,2.795386477793686097e+01
0.000000000000000000e+00,-4.493825719907803773e+00,-4.558679000702245077e+00,2.799514544336156519e+01
0.000000000000000000e+00,-4.540610877607247353e+00,-4.605581951265827811e+00,2.803670358802002482e+01
0.000000000000000000e+00,-4.587396035306690933e+00,-4.653322554586257098e+00,2.807916307294971503e+01
0.000000000000000000e+00,-4.634181193006134514e+00,-4.700288811659174115e+00,2.811785298301423808e+01
0.000000000000000000e+00,-4.680966350705578094e+00,-4.747583621706499279e+00,2.815795427221290126e+01
0.000000000000000000e+00,-4.727751508405021674e+00,-4.793871777703881065e+00,2.819800190970864406e+01
0.000000000000000000e+00,-4.774536666104465255e+00,-4.840496829723688776e+00,2.823708153207034499e+01
0.000000000000000000e+00,-4.821321823803908835e+00,-4.886343435194912210e+00,2.827763012425461397e+01
0.000000000000000000e+00,-4.868106981503352415e+00,-4.934537939005278595e+00,2.831933369700445979e+01
0.000000000000000000e+00,-4.914892139202795995e+00,-4.981103899818115188e+00,2.836052700672962246e+01
0.000000000000000000e+00,-4.961677296902239576e+00,-5.027157509196628737e+00,2.840126089073192617e+01
0.000000000000000000e+00,-5.008462454601683156e+00,-5.074031628292531515e+00,2.844175930166363742e+01
0.000000000000000000e+00,-5.055247612301126736e+00,-5.119849796667717889e+00,2.848425882780275487e+01
0.000000000000000000e+00,-5.102032770000570316e+00,-5.166845676303903900e+00,2.852457056351605402e+01
0.000000000000000000e+00,-5.148817927700013897e+00,-5.212859468385041772e+00,2.856440825763011304e+01
0.000000000000000000e+00,-5.195603085399457477e+00,-5.259652673194194605e+00,2.860530835682114059e+01
0.000000000000000000e+00,-5.242388243098901057e+00,-5.306519934202929889e+00,2.864638684924572232e+01
0.000000000000000000e+00,-5.289173400798344638e+00,-5.352326900746643190e+00,2.868701480313865204e+01
0.000000000000000000e+00,-5.335958558497788218e+00,-5.399166158305851226e+00,2.872817336599277738e+01
0.000000000000000000e+00,-5.382743716197231798e+00,-5.446162969149331623e+00,2.876831939971452456e+01
0.000000000000000000e+00,-5.429528873896675378e+00,-5.494083106719200416e+00,2.880737050730409976e+01
0.000000000000000000e+00,-5.476314031596118959e+00,-5.539972343578908998e+00,2.884773670279499669e+01
0.000000000000000000e+00,-5.523099189295562539e+00,-5.587231534496138963e+00,2.888791043190463981e+01
0.000000000000000000e+00,-5.569884346995006119e+00,-5.635575210146509306e+00,2.892802678961716367e+01
0.000000000000000000e+00,-5.616658424362039881e+00,-5.682752476379080875e+00,2.896752726929213040e+01
0.000000000000000000e+00,-5.663388180399433480e+00,-5.729207981968351682e+00,2.900814791154105876e+01
0.000000000000000000e+00,-5.710018213445136936e+00,-5.776793599749887598e+00,2.904973331828577088e+01
0.000000000000000000e+00,-5.756470961172281520e+00,-5.821709307442178627e+00,2.908981909149019884e+01
0.000000000000000000e+00,-5.802646700589176199e+00,-5.868014767090190098e+00,2.913049067248866564e+01
0.000000000000000000e+00,-5.848423548039312081e+00,-5.912409112317448034e+00,2.917235891552188676e+01
0.000000000000000000e+00,-5.893657459201359750e+00,-5.957172910500756480e+00,2.921314544387396595e+01
0.000000000000000000e+00,-5.938182229089169262e+00,-6.001859036922478019e+00,2.925670542497137205e+01
0.000000000000000000e+00,-5.981809492051770150e+00,-6.046017708396951740e+00,2.929987438214232043e+01
0.000000000000000000e+00,-6.024328721773374085e+00,-6.088842401233836021e+00,2.934396073059244969e+01
0.000000000000000000e+00,-6.065507231273371325e+00,-6.128836954759528943e+00,2.938593718066839600e+01
0.000000000000000000e+00,-6.105090172906332491e+00,-6.169735992681719239e+00,2.942984692117804357e+01
0.000000000000000000e+00,-6.142800538362008567e+00,-6.207883336938346375e+00,2.947479816608864311e+01
0.000000000000000000e+00,-6.178339158665330011e+00,-6.243167993555908346e+00,2.951963055010037351e+01
0.000000000000000000e+00,-6.211384704176407645e+00,-6.275475851120485338e+00,2.956495167295942395e+01
0.000000000000000000e+00,-6.241593684590532654e+00,-6.305058826521142912e+00,2.961170112056099413e+01
0.000000000000000000e+00,-6.268600448938175695e+00,-6.330990798401802344e+00,2.966001591602679355e+01
0.000000000000000000e+00,-6.292017185584987793e+00,-6.351796106364112404e+00,2.970778567398086523e+01
0.000000000000000000e+00,-6.311433922231799443e+00,-6.369795706265102275e+00,2.975662283381452156e+01
0.000000000000000000e+00,-6.330850658878611092e+00,-6.389202125178554681e+00,2.980589387022645909e+01
0.000000000000000000e+00,-6.350267395525422742e+00,-6.409111622145780451e+00,2.985780581864419503e+01
0.000000000000000000e+00,-6.369684132172234392e+00,-6.428475479909593560e+00,2.991009176434555172e+01
0.000000000000000000e+00,-6.389100868819046042e+00,-6.447777414464296974e+00,2.996160270563003891e+01
0.000000000000000000e+00,-6.408517605465857692e+00,-6.466688553261556116e+00,3.001568740334389318e+01
0.000000000000000000e+00,-6.427934342112669341e+00,-6.485502592398008304e+00,3.007109695512014014e+01
0.000000000000000000e+00,-6.447351078759480991e+00,-6.503388521243619991e+00,3.012642907197823305e+01
0.000000000000000000e+00,-6.466767815406292641e+00,-6.521811820402826143e+00,3.018284135335304796e+01
0.000000000000000000e+00,-6.486184552053104291e+00,-6.540963364738720642e+00,3.024015432166501327e+01
0.000000000000000000e+00,-6.505601288699915941e+00,-6.561769352073806516e+00,3.029930855315064520e+01
0.000000000000000000e+00,-6.525018025346727590e+00,-6.581131296025720445e+00,3.035772049130912009e+01
0.000000000000000000e+00,-6.544434761993539240e+00,-6.599446429807254155e+00,3.041968623961052387e+01
0.000000000000000000e+00,-6.563851498640350890e+00,-6.620085296365745720e+00,3.048209862324713981e+01
0.000000000000000000e+00,-6.583268235287162540e+00,-6.639989648737356198e+00,3.054725326095242721e+01
0.000000000000000000e+00,-6.602684971933974190e+00,-6.658479390028532841e+00,3.061310923158847075e+01
0.000000000000000000e+00,-6.622101708580785839e+00,-6.678859094421640386e+00,3.068142143239008135e+01
0.000000000000000000e+00,-6.641518445227597489e+00,-6.699412891262769953e+00,3.075216900411517074e+01
0.000000000000000000e+00,-6.660935181874409139e+00,-6.719051406053646147e+00,3.082065791163650559e+01
0.000000000000000000e+00,-6.680351918521220789e+00,-6.737241090629033202e+00,3.089328980949761672e+01
0.000000000000000000e+00,-6.699768655168032438e+00,-6.757282218413906527e+00,3.096597274614974893e+01
0.000000000000000000e+00,-6.719185391814844088e+00,-6.777632350065621480e+00,3.104027236690152591e+01
0.000000000000000000e+00,-6.738602128461655738e+00,-6.794198034988461643e+00,3.111687974059096362e+01
0.000000000000000000e+00,-6.758018865108467388e+00,-6.812579351836408392e+00,3.119459173193385482e+01
0.000000000000000000e+00,-6.777435601755279038e+00,-6.832522850708307338e+00,3.127638211663438383e+01
0.000000000000000000e+00,-6.796852338402090687e+00,-6.851808771425294431e+00,3.135798162621671281e+01
0.000000000000000000e+00,-6.816269075048902337e+00,-6.871736789243507282e+00,3.144213363721416599e+01
0.000000000000000000e+00,-6.835685811695713987e+00,-6.891505175454248899e+00,3.152759751344979833e+01
0.000000000000000000e+00,-6.855102548342525637e+00,-6.911744111677119662e+00,3.161387632249762092e+01
0.000000000000000000e+00,-6.874519284989337287e+00,-6.931582501475826774e+00,3.170233612975978232e+01
0.000000000000000000e+00,-6.893936021636148936e+00,-6.950170560454075108e+00,3.179398819094586770e+01
0.000000000000000000e+00,-6.913352758282960586e+00,-6.969467844737467388e+00,3.188926118091136175e+01
0.000000000000000000e+00,-6.932769494929772236e+00,-6.987679626364265317e+00,3.198259559737106983e+01
0.000000000000000000e+00,-6.952186231576583886e+00,-7.006850123711237721e+00,3.208037105511916565e+01
0.000000000000000000e+00,-6.971602968223395536e+00,-7.026257773796081629e+00,3.218106106462668237e+01
0.000000000000000000e+00,-6.991019704870207185e+00,-7.045659711952069415e+00,3.228135490507452943e+01
0.000000000000000000e+00,-7.010436441517018835e+00,-7.064979311332208134e+00,3.238607363186175547e+01
0.000000000000000000e+00,-7.029853178163830485e+00,-7.083241593833714767e+00,3.249227048268898699e+01
0.000000000000000000e+00,-7.049269914810642135e+00,-7.102309797887612852e+00,3.260239417276985563e+01
0.000000000000000000e+00,-7.068686651457453785e+00,-7.121115548490860370e+00,3.271289362201297735e+01
0.000000000000000000e+00,-7.088103388104265434e+00,-7.141881606538198035e+00,3.282493420080587754e+01
0.000000000000000000e+00,-7.107520124751077084e+00,-7.160854711231527503e+00,3.294003076722788848e+01
0.000000000000000000e+00,-7.126936861397888734e+00,-7.180462665700231284e+00,3.305956962484925299e+01
0.000000000000000000e+00,-7.146353598044700384e+00,-7.199392179688377524e+00,3.317971645371841305e+01
0.000000000000000000e+00,-7.165770334691512033e+00,-7.219594358492004815e+00,3.330299598420175045e+01
0.000000000000000000e+00,-7.185187071338323683e+00,-7.239833007205995763e+00,3.342856712004431330e+01
0.000000000000000000e+00,-7.204603807985135333e+00,-7.259006784464016704e+00,3.355642214395103196e+01
0.000000000000000000e+00,-7.224020544631946983e+00,-7.278063293091284081e+00,3.368767510876625693e+01
0.000000000000000000e+00,-7.243437281278758633e+00,-7.297583044082210257e+00,3.382078258792037673e+01
0.000000000000000000e+00,-7.262854017925570282e+00,-7.317164798974546969e+00,3.395836810251734050e+01
0.000000000000000000e+00,-7.282270754572381932e+00,-7.335519042373698007e+00,3.409938495396884406e+01
0.000000000000000000e+00,-7.301687491219193582e+00,-7.356008253587537737e+00,3.424076546864999671e+01
0.000000000000000000e+00,-7.321104227866005232e+00,-7.375523474455413897e+00,3.438567304726743146e+01
0.000000000000000000e+00,-7.340520964512816882e+00,-7.395441166849888504e+00,3.453404775914321334e+01
0.000000000000000000e+00,-7.359937701159628531e+00,-7.414449552986054570e+00,3.468542446695386161e+01
0.000000000000000000e+00,-7.379354437806440181e+00,-7.435233508304586181e+00,3.484024459835067233e+01
0.000000000000000000e+00,-7.398771174453251831e+00,-7.455137692110697323e+00,3.499710713673474771e+01
0.000000000000000000e+00,-7.418187911100063481e+00,-7.474675044890616959e+00,3.515770771986953491e+01
0.000000000000000000e+00,-7.437604647746875131e+00,-7.493675318064545898e+00,3.532153449808715351e+01
0.000000000000000000e+00,-7.457021384393686780e+00,-7.514204025636312956e+00,3.548991004178884623e+01
0.000000000000000000e+00,-7.476438121040498430e+00,-7.534354557045762846e+00,3.566018573976559480e+01
0.000000000000000000e+00,-7.495854857687310080e+00,-7.551804496325138949e+00,3.583362030851838398e+01
0.000000000000000000e+00,-7.515271594334121730e+00,-7.571690911617154462e+00,3.600920082781928500e+01
0.000000000000000000e+00,-7.534688330980933380e+00,-7.590704031806429164e+00,3.618837670535906881e+01
0.000000000000000000e+00,-7.554105067627745029e+00,-7.608328821114830554e+00,3.637098833576148138e+01
0.000000000000000000e+00,-7.573521804274556679e+00,-7.626958332848172262e+00,3.655640107458566490e+01
0.000000000000000000e+00,-7.592938540921368329e+00,-7.646929272655147436e+00,3.674723529674878364e+01
0.000000000000000000e+00,-7.612355277568179979e+00,-7.665815294954138714e+00,3.694030059408815703e+01
0.000000000000000000e+00,-7.631772014214991628e+00,-7.686769138306984495e+00,3.713749067536627280e+01
0.000000000000000000e+00,-7.651188750861803278e+00,-7.705232718708440842e+00,3.733752821678876188e+01
0.000000000000000000e+00,-7.670605487508614928e+00,-7.724900817835110622e+00,3.754023383706129380e+01
0.000000000000000000e+00,-7.690022224155426578e+00,-7.745677537151871128e+00,3.774732317691926653e+01
0.000000000000000000e+00,-7.709438960802238228e+00,-7.764903654344038841e+00,3.795926352616221777e+01
0.000000000000000000e+00,-7.728855697449049877e+00,-7.783932693633166089e+00,3.817582898768380772e+01
0.000000000000000000e+00,-7.748272434095861527e+00,-7.803823032689019890e+00,3.839453887627956163e+01
0.000000000000000000e+00,-7.767689170742673177e+00,-7.822559875930995332e+00,3.861802967479043502e+01
0.000000000000000000e+00,-7.787105907389484827e+00,-7.841540643097659746e+00,3.884474499171940920e+01
0.000000000000000000e+00,-7.806522644036296477e+00,-7.861449806789464034e+00,3.907601678226121322e+01
0.000000000000000000e+00,-7.825939380683108126e+00,-7.881525474720522340e+00,3.931037382871080155e+01
0.000000000000000000e+00,-7.845356117329919776e+00,-7.901648178025185487e+00,3.954857501599403946e+01
0.000000000000000000e+00,-7.864772853976731426e+00,-7.920714424665671771e+00,3.979071168361762290e+01
0.000000000000000000e+00,-7.884189590623543076e+00,-7.940093394271923621e+00,4.003152446857456681e+01
0.000000000000000000e+00,-7.903606327270354726e+00,-7.958654408397423552e+00,4.027353840448830624e+01
0.000000000000000000e+00,-7.923023063917166375e+00,-7.977696389209480543e+00,4.051450263876910185e+01
0.000000000000000000e+00,-7.942439800563978025e+00,-7.995606958185245361e+00,4.075566520193114428e+01
0.000000000000000000e+00,-7.961856537210789675e+00,-8.016207235409231302e+00,4.099573801807227369e+01
0.000000000000000000e+00,-7.981273273857601325e+00,-8.034916530749576680e+00,4.123575972351482477e+01
0.000000000000000000e+00,-8.000690010504413863e+00,-8.056511250320349760e+00,4.147511294011970051e+01
0.000000000000000000e+00,-8.020106747151226401e+00,-8.075951175976378238e+00,4.171410811130191831e+01
0.000000000000000000e+00,-8.039523483798038939e+00,-8.094379788661672848e+00,4.195392476176417063e+01
0.000000000000000000e+00,-8.058940220444851477e+00,-8.112784939933108674e+00,4.219602422024279065e+01
0.000000000000000000e+00,-8.078356957091664015e+00,-8.131441850138770633e+00,4.243607812896693332e+01
0.000000000000000000e+00,-8.097773693738476553e+00,-8.152112501219956897e+00,4.267793784026185477e+01
0.000000000000000000e+00,-8.117190430385289091e+00,-8.172780872212157988e+00,4.291777450973587804e+01
0.000000000000000000e+00,-8.136607167032101628e+00,-8.192342338004072744e+00,4.315883105428623168e+01
0.000000000000000000e+00,-8.156023903678914166e+00,-8.211269361386561272e+00,4.339945584563568559e+01
0.000000000000000000e+00,-8.175440640325726704e+00,-8.231293180743007198e+00,4.363992306241706132e+01
0.000000000000000000e+00,-8.194857376972539242e+00,-8.251492565852043271e+00,4.388068044487341268e+01
0.000000000000000000e+00,-8.214274113619351780e+00,-8.270340938358062388e+00,4.412073937498125531e+01
0.000000000000000000e+00,-8.233690850266164318e+00,-8.290370503766375521e+00,4.436053103029140487e+01
0.000000000000000000e+00,-8.253107586912976856e+00,-8.310592516640989302e+00,4.460235850884583897e+01
0.000000000000000000e+00,-8.272524323559789394e+00,-8.329653789539353426e+00,4.484381876278474977e+01
0.000000000000000000e+00,-8.291941060206601932e+00,-8.350929973221672853e+00,4.508290031013375909e+01
0.000000000000000000e+00,-8.311357796853414470e+00,-8.371150924035513086e+00,4.532376237326246837e+01
0.000000000000000000e+00,-8.330774533500227008e+00,-8.391805215448439270e+00,4.556339223770956437e+01
0.000000000000000000e+00,-8.350191270147039546e+00,-8.412178500576057871e+00,4.580457333933654951e+01
0.000000000000000000e+00,-8.369608006793852084e+00,-8.431571889023135924e+00,4.604610666975916899e+01
0.000000000000000000e+00,-8.389024743440664622e+00,-8.452932621598463925e+00,4.628868344491871767e+01
0.000000000000000000e+00,-8.408441480087477160e+00,-8.472115309666682137e+00,4.652942706147553764e+01
0.000000000000000000e+00,-8.427858216734289698e+00,-8.490220641466079243e+00,4.677145383427344427e+01
0.000000000000000000e+00,-8.447274953381102236e+00,-8.509126330900640411e+00,4.701328619220159055e+01
0.000000000000000000e+00,-8.466691690027914774e+00,-8.528649014798824979e+00,4.725436148842985773e+01
0.000000000000000000e+00,-8.486108426674727312e+00,-8.546241245253000329e+00,4.749565566632845304e+01
0.000000000000000000e+00,-8.505525163321539850e+00,-8.566108087296498752e+00,4.773578451937888190e+01
0.000000000000000000e+00,-8.524941899968352388e+00,-8.586874298841410180e+00,4.797564797734764142e+01
0.000000000000000000e+00,-8.544358636615164926e+00,-8.607138261393904699e+00,4.821637623051123001e+01
0.000000000000000000e+00,-8.563775373261977464e+00,-8.626048997235233884e+00,4.845874287447895057e+01
0.000000000000000000e+00,-8.583192109908790002e+00,-8.645189235114832726e+00,4.869855254643054110e+01
0.000000000000000000e+00,-8.602608846555602540e+00,-8.664216811542111429e+00,4.893866315229882957e+01
0.000000000000000000e+00,-8.622025583202415078e+00,-8.683333436658832838e+00,4.918075366318169017e+01
0.000000000000000000e+00,-8.641442319849227616e+00,-8.703175130336497034e+00,4.942062464345406170e+01
0.000000000000000000e+00,-8.660859056496040154e+00,-8.722892053678107160e+00,4.966265943906599745e+01
0.000000000000000000e+00,-8.680275793142852692e+00,-8.741548391630365344e+00,4.990410737877837022e+01
0.000000000000000000e+00,-8.699692529789665230e+00,-8.760848158664245489e+00,5.014514543777802658e+01
0.000000000000000000e+00,-8.719109266436477768e+00,-8.778858365142673037e+00,5.038460817939661496e+01
0.000000000000000000e+00,-8.738526003083290306e+00,-8.798199451854731734e+00,5.062519758449824536e+01
0.000000000000000000e+00,-8.757942739730102844e+00,-8.817899536343693612e+00,5.086617442297296776e+01
0.000000000000000000e+00,-8.777359476376915381e+00,-8.837958846387719447e+00,5.110742956219746702e+01
0.000000000000000000e+00,-8.796776213023727919e+00,-8.857657500705679254e+00,5.135043886990284534e+01
0.000000000000000000e+00,-8.816192949670540457e+00,-8.876883723557398298e+00,5.159177360229318765e+01
0.000000000000000000e+00,-8.835609686317352995e+00,-8.894861513436072897e+00,5.183269666846042867e+01
0.000000000000000000e+00,-8.855026422964165533e+00,-8.916122737083503225e+00,5.207254710402624198e+01
0.000000000000000000e+00,-8.874443159610978071e+00,-8.934511231342327164e+00,5.231406814281586293e+01
0.000000000000000000e+00,-8.893859896257790609e+00,-8.953001342254820472e+00,5.255589773110806107e+01
0.000000000000000000e+00,-8.913276632904603147e+00,-8.972937254126540196e+00,5.279638280046362553e+01
0.000000000000000000e+00,-8.932693369551415685e+00,-8.991832682462288062e+00,5.303467648876164731e+01
0.000000000000000000e+00,-8.952110106198228223e+00,-9.010276217191242054e+00,5.327546576904251197e+01
0.000000000000000000e+00,-8.971526842845040761e+00,-9.030411642210671275e+00,5.351628263508563066e+01
0.000000000000000000e+00,-8.990943579491853299e+00,-9.049994716739000467e+00,5.375544534326925827e+01
0.000000000000000000e+00,-9.010360316138665837e+00,-9.069790855056623968e+00,5.399637424559809062e+01
0.000000000000000000e+00,-9.029777052785478375e+00,-9.089081914943809792e+00,5.423708191774208842e+01
0.000000000000000000e+00,-9.049193789432290913e+00,-9.107715002066116838e+00,5.447815814317616656e+01
0.000000000000000000e+00,-9.068610526079103451e+00,-9.126364556313532717e+00,5.471809114812437258e+01
0.000000000000000000e+00,-9.088027262725915989e+00,-9.144062502849340746e+00,5.495950611521443818e+01
0.000000000000000000e+00,-9.107443999372728527e+00,-9.162779653391579515e+00,5.519917964583395786e+01
0.000000000000000000e+00,-9.126860736019541065e+00,-9.183033149517171978e+00,5.543986728626940419e+01
0.000000000000000000e+00,-9.146277472666353603e+00,-9.201571295468340850e+00,5.568033185503703208e+01
0.000000000000000000e+00,-9.165694209313166141e+00,-9.220836176108310411e+00,5.592144809379104231e+01
0.000000000000000000e+00,-9.185110945959978679e+00,-9.240350194390742899e+00,5.616258813386532722e+01
0.000000000000000000e+00,-9.204527682606791217e+00,-9.260933566339996759e+00,5.640361208462472575e+01
0.000000000000000000e+00,-9.223944419253603755e+00,-9.281018242371045446e+00,5.664267048663104731e+01
0.000000000000000000e+00,-9.243361155900416293e+00,-9.299640239751822079e+00,5.688301125166510985e+01
0.000000000000000000e+00,-9.262777892547228831e+00,-9.319170678506219829e+00,5.712316992185304088e+01
0.000000000000000000e+00,-9.282194629194041369e+00,-9.337803371356883986e+00,5.736510227120503913e+01
0.000000000000000000e+00,-9.301611365840853907e+00,-9.358360791326838068e+00,5.760526587892299943e+01
0.000000000000000000e+00,-9.321028102487666445e+00,-9.378721937670713160e+00,5.784542082263467222e+01
0.000000000000000000e+00,-9.340444839134478983e+00,-9.397710857675864560e+00,5.808634410731402653e+01
0.000000000000000000e+00,-9.359861575781291521e+00,-9.417966936229705155e+00,5.832561964695536005e+01
0.000000000000000000e+00,-9.379278312428104059e+00,-9.438929943671549694e+00,5.856589597482301457e+01
0.000000000000000000e+00,-9.398695049074916597e+00,-9.456429830796757585e+00,5.880720612471053244e+01
0.000000000000000000e+00,-9.418111785721729134e+00,-9.474091013106663794e+00,5.904754481817472822e+01
0.000000000000000000e+00,-9.437528522368541672e+00,-9.492414398018013344e+00,5.928778791793131830e+01
0.000000000000000000e+00,-9.456945259015354210e+00,-9.512777230479665391e+00,5.952937310572145435e+01
0.000000000000000000e+00,-9.476361995662166748e+00,-9.532406405659635595e+00,5.977056236831963076e+01
0.000000000000000000e+00,-9.495778732308979286e+00,-9.551761151180148346e+00,6.001092219715748399e+01
0.000000000000000000e+00,-9.515195468955791824e+00,-9.570823288709638277e+00,6.025261020062180251e+01
0.000000000000000000e+00,-9.534612205602604362e+00,-9.588489900154216983e+00,6.049211815250944824e+01
0.000000000000000000e+00,-9.554028942249416900e+00,-9.607641531095648446e+00,6.073279522614303971e+01
0.000000000000000000e+00,-9.573445678896229438e+00,-9.627545145269698068e+00,6.097487950331350959e+01
0.000000000000000000e+00,-9.592862415543041976e+00,-9.648023610931669936e+00,6.121608005251411555e+01
0.000000000000000000e+00,-9.612279152189854514e+00,-9.668164303713231433e+00,6.145702424242299600e+01
0.000000000000000000e+00,-9.631695888836667052e+00,-9.688440404884367751e+00,6.169686097469823238e+01
0.000000000000000000e+00,-9.651112625483479590e+00,-9.706769256541283752e+00,6.193592893097904550e+01
0.000000000000000000e+00,-9.670529362130292128e+00,-9.725162357631740306e+00,6.217681792729155177e+01
0.000000000000000000e+00,-9.689946098777104666e+00,-9.745745926310494411e+00,6.241675572575409348e+01
0.000000000000000000e+00,-9.709362835423917204e+00,-9.764665826142227445e+00,6.265709071312156198e+01
0.000000000000000000e+00,-9.728779572070729742e+00,-9.782375081181561072e+00,6.289795368855569535e+01
0.000000000000000000e+00,-9.748196308717542280e+00,-9.801333692299216693e+00,6.313894960685808400e+01
0.000000000000000000e+00,-9.767613045364354818e+00,-9.820516418443316908e+00,6.337941488286818981e+01
0.000000000000000000e+00,-9.787029782011167356e+00,-9.839140347960256605e+00,6.362042799828471118e+01
0.000000000000000000e+00,-9.806446518657979894e+00,-9.856173733635960943e+00,6.386273209297734610e+01
0.000000000000000000e+00,-9.825863255304792432e+00,-9.875067237708829992e+00,6.410254755198249654e+01
0.000000000000000000e+00,-9.845279991951604970e+00,-9.894285820424256528e+00,6.434260365465650011e+01
