4.005706134094151327e-01 3.111538681717965549e+00
6.008559201141226991e-01 3.920973863442082097e-01
8.011412268188302654e-01 5.028346069996033618e-01
1.001426533523537721e+00 6.417813606340388999e-01
1.201711840228245398e+00 7.894911926170075089e-01
1.401997146932953076e+00 9.106881044549506310e-01
1.602282453637660531e+00 1.022881122021856992e+00
1.802567760342367986e+00 1.155645180721387888e+00
2.002853067047075442e+00 1.119356878368795716e+00
2.203138373751783341e+00 1.035766594454440748e+00
2.403423680456490796e+00 9.904124577363213611e-01
2.603708987161198252e+00 9.050329942153637619e-01
2.803994293865906151e+00 8.477051462916659341e-01
3.004279600570613606e+00 7.712503493490542317e-01
3.204564907275321062e+00 7.189255174615041266e-01
3.404850213980028517e+00 6.732464171808603126e-01
3.605135520684735972e+00 6.482069200230233808e-01
3.805420827389443872e+00 6.175383344094445004e-01
4.005706134094150883e+00 6.013014710016446607e-01
4.205991440798858783e+00 5.609313189758440288e-01
4.406276747503566682e+00 5.276105851714427697e-01
4.606562054208273693e+00 5.274590161920584830e-01
4.806847360912981593e+00 4.984580268787337509e-01
5.007132667617689492e+00 4.764173088995449779e-01
5.207417974322396503e+00 4.474280390317466050e-01
5.407703281027104403e+00 4.255047129749421342e-01
5.607988587731812302e+00 4.171409511336802711e-01
5.808273894436519313e+00 4.158703683227040759e-01
6.008559201141227213e+00 3.949044664350657707e-01
6.208844507845934224e+00 4.077765149972643610e-01
6.409129814550642124e+00 3.543210744617502628e-01
6.609415121255350023e+00 3.330909403800161872e-01
6.809700427960057034e+00 3.199273559143153700e-01
7.009985734664764934e+00 3.168134091167768562e-01
7.210271041369471945e+00 3.508955855636916032e-01
7.410556348074179844e+00 3.438795211778745697e-01
7.610841654778887744e+00 3.053380679160399569e-01
7.811126961483594755e+00 3.167888781572139045e-01
8.011412268188301766e+00 2.369078116914227483e-01
8.211697574893010554e+00 2.001783238769739570e-01
8.411982881597717565e+00 1.716396160460481046e-01
8.612268188302424576e+00 1.556660578854598409e-01
8.812553495007133364e+00 1.769098679907039062e-01
9.012838801711840375e+00 1.806627232363490210e-01
9.213124108416547386e+00 2.266470680710504781e-01
9.413409415121256174e+00 1.950518064668481100e-01
9.613694721825963185e+00 1.707479853387013080e-01
9.813980028530670197e+00 1.482879739924761187e-01
1.001426533523537898e+01 1.092610648967653059e-01
1.021455064194008600e+01 1.124894424929444858e-01
1.041483594864479301e+01 8.941094530382402705e-02
1.061512125534950179e+01 9.765979711618133496e-02
1.081540656205420881e+01 9.747080909544429683e-02
1.101569186875891582e+01 1.155478527793509097e-01
1.121597717546362460e+01 7.978705725874828125e-02
1.141626248216833162e+01 1.028192421353863045e-01
1.161654778887303863e+01 5.739294601674603535e-02
1.181683309557774564e+01 3.513488272372059656e-02
1.201711840228245443e+01 3.086682083022572465e-02
1.221740370898716144e+01 1.808739534098274121e-02
1.241768901569186845e+01 2.261164590571238669e-02
1.261797432239657724e+01 7.274339872221580183e-02
1.281825962910128425e+01 1.289047836524546409e-01
1.301854493580599126e+01 1.258882076102296188e-01
1.321883024251070005e+01 9.583615941703511887e-02
1.341911554921540706e+01 1.106572427833206890e-01
1.361940085592011407e+01 7.670613933501632675e-02
1.381968616262482286e+01 8.354276224955710373e-02
1.401997146932952987e+01 4.583960113548825321e-02
1.422025677603423688e+01 6.380217348171775271e-02
1.442054208273894389e+01 5.955494064659446612e-02
1.462082738944365268e+01 7.020686557667556171e-02
1.482111269614835969e+01 7.208063667121145102e-02
1.502139800285306670e+01 1.047578615860302043e-01
1.522168330955777549e+01 6.528725831873290197e-02
1.542196861626248250e+01 6.185930525263948210e-02
1.562225392296718951e+01 7.658445454321725909e-02
1.582253922967189830e+01 7.356927258401187164e-02
1.602282453637660353e+01 5.816790472185313920e-02
1.622310984308131410e+01 4.686359636381630389e-02
1.642339514978602111e+01 4.830315625226885845e-02
1.662368045649072812e+01 4.130904446623098053e-02
1.682396576319543513e+01 5.122939286000893072e-02
1.702425106990014214e+01 5.460572770608353166e-02
1.722453637660484915e+01 8.124699883578817561e-02
1.742482168330955972e+01 5.541954210758301413e-02
1.762510699001426673e+01 5.812694121710604289e-02
1.782539229671897374e+01 8.000046292425537497e-02
1.802567760342368075e+01 8.404180560137868017e-02
1.822596291012838776e+01 9.484007993314978735e-02
1.842624821683309477e+01 1.013171079875095915e-01
1.862653352353780534e+01 1.264280255665709007e-01
1.882681883024251235e+01 1.321179220944918298e-01
1.902710413694721936e+01 1.673181306633113874e-01
1.922738944365192637e+01 1.424864253763275523e-01
1.942767475035663338e+01 1.668917200733009143e-01
1.962796005706134039e+01 1.772816297512244399e-01
1.982824536376604740e+01 1.434525527440266846e-01
2.002853067047075797e+01 1.396933262638475337e-01
2.022881597717546498e+01 1.348657704952792302e-01
2.042910128388017199e+01 1.057133749135255874e-01
2.062938659058487900e+01 5.309590955019811986e-02
2.082967189728958601e+01 5.466839416926244644e-02
2.102995720399429302e+01 1.464702586628580383e-01
2.123024251069900359e+01 2.804165262243533685e-01
2.143052781740371060e+01 1.729970245266742168e+01
2.163081312410841761e+01 1.125548559903582024e+01
2.183109843081312462e+01 6.220925507969813140e+00
2.203138373751783163e+01 4.282808599368516767e+00
2.223166904422253864e+01 3.559886508097592106e+00
2.243195435092724921e+01 3.191064192033292723e+00
2.263223965763195622e+01 2.908371383147801303e+00
2.283252496433666323e+01 2.822238556191351222e+00
2.303281027104137024e+01 2.836609322070515748e+00
2.323309557774607725e+01 2.853267170299923716e+00
2.343338088445078427e+01 2.864161454146644026e+00
2.363366619115549128e+01 2.872636999639525790e+00
2.383395149786020184e+01 2.870937024441040375e+00
2.403423680456490885e+01 2.888876936626386005e+00
2.423452211126961586e+01 2.920003770165216839e+00
2.443480741797432287e+01 2.987543186020882757e+00
2.463509272467902989e+01 3.028266994777767618e+00
2.483537803138373690e+01 3.034401426342249852e+00
2.503566333808844746e+01 3.032315715629136488e+00
2.523594864479315447e+01 3.046026947283140718e+00
2.543623395149786148e+01 3.038042563178588118e+00
2.563651925820256849e+01 3.036794097916083235e+00
2.583680456490727551e+01 3.032965252840865933e+00
2.603708987161198252e+01 3.030123065015238204e+00
2.623737517831668953e+01 3.019484065756338431e+00
2.643766048502140009e+01 3.005647427005215810e+00
2.663794579172610710e+01 2.995350848843800318e+00
2.683823109843081411e+01 3.000539781894799862e+00
2.703851640513552113e+01 2.996256399771154655e+00
2.723880171184022814e+01 3.005873153289123412e+00
2.743908701854493515e+01 3.015392607884291643e+00
2.763937232524964571e+01 3.124103795386266480e+00
2.783965763195435272e+01 3.078828267712620192e+00
2.803994293865905973e+01 3.067854485558477506e+00
2.824022824536376675e+01 3.098625058548122535e+00
2.844051355206847376e+01 3.083714713231268334e+00
2.864079885877318077e+01 3.102510717953270269e+00
2.884108416547788778e+01 3.102860343302877855e+00
2.904136947218259834e+01 3.116302690632461569e+00
2.924165477888730535e+01 3.224276335589233433e+00
2.944194008559201237e+01 3.227912514929614396e+00
2.964222539229671938e+01 3.251903376037745819e+00
2.984251069900142639e+01 3.349045718127147353e+00
3.004279600570613340e+01 3.292673901988450336e+00
3.024308131241084396e+01 3.330023141222953509e+00
3.044336661911555098e+01 3.340530596343144421e+00
3.064365192582025799e+01 3.329723677048699759e+00
3.084393723252496500e+01 3.321990113314921000e+00
3.104422253922967201e+01 3.309752899234155610e+00
3.124450784593437902e+01 3.300943024060792652e+00
3.144479315263908958e+01 3.289684398858070846e+00
3.164507845934379660e+01 3.292972169159558593e+00
3.184536376604850361e+01 3.270917014848893523e+00
3.204564907275320707e+01 3.268332347976324659e+00
3.224593437945792118e+01 3.276945969014302573e+00
3.244621968616262819e+01 3.321725476832515067e+00
3.264650499286733520e+01 3.297228537826690342e+00
3.284679029957204222e+01 3.389677660363398459e+00
3.304707560627674923e+01 3.334487069222486610e+00
3.324736091298145624e+01 3.334298488546941108e+00
3.344764621968616325e+01 3.353503159699008584e+00
3.364793152639087026e+01 3.363310047856498564e+00
3.384821683309557727e+01 3.370378141070135669e+00
3.404850213980028428e+01 3.373123380660404624e+00
3.424878744650499129e+01 3.419029107036038351e+00
3.444907275320969831e+01 3.489003130072390046e+00
3.464935805991441242e+01 3.474474101403699056e+00
3.484964336661911943e+01 3.490349379516215489e+00
3.504992867332382644e+01 3.486562172436777463e+00
3.525021398002853346e+01 3.482594509386270243e+00
3.545049928673324047e+01 3.487429128165790981e+00
3.565078459343794748e+01 3.487538778847918852e+00
3.585106990014265449e+01 3.489904535783190820e+00
3.605135520684736150e+01 3.472556004331058155e+00
3.625164051355206851e+01 3.496492895129955869e+00
3.645192582025677552e+01 3.522159299242415109e+00
3.665221112696148253e+01 3.519226980466700905e+00
3.685249643366618955e+01 3.522766969627262768e+00
3.705278174037089656e+01 3.560971219273876276e+00
3.725306704707561067e+01 3.558990852790855364e+00
3.745335235378031769e+01 3.574187604213968861e+00
3.765363766048502470e+01 3.570321341185848318e+00
3.785392296718973171e+01 3.582449362758926004e+00
3.805420827389443872e+01 3.609690644972548768e+00
3.825449358059914573e+01 3.642789940382123337e+00
3.845477888730385274e+01 3.659525147702110903e+00
3.865506419400855975e+01 3.690698638227047912e+00
3.885534950071326676e+01 3.694010869833494137e+00
3.905563480741797378e+01 3.737040012923135368e+00
3.925592011412268079e+01 3.827796820880002837e+00
3.945620542082738780e+01 3.941634014467142233e+00
3.965649072753209481e+01 3.968394981640971597e+00
3.985677603423680893e+01 3.989992613997495052e+00
4.005706134094151594e+01 3.964950452867006536e+00
4.025734664764622295e+01 3.968768248086649297e+00
4.045763195435092996e+01 3.991543524559594491e+00
4.065791726105563697e+01 4.005157977743215802e+00
4.085820256776034398e+01 4.012046543477608473e+00
4.105848787446505099e+01 4.038374461183219744e+00
4.125877318116975800e+01 4.023457479936297432e+00
4.145905848787446502e+01 4.041286564465072395e+00
4.165934379457917203e+01 4.056483820922349715e+00
4.185962910128387904e+01 4.049909449415585172e+00
4.205991440798858605e+01 4.050359323064208539e+00
4.226019971469329306e+01 4.099352310104228181e+00
4.246048502139800718e+01 4.075576413892220806e+00
4.266077032810271419e+01 4.071652593405887366e+00
4.286105563480742120e+01 4.075547991809106207e+00
4.306134094151212821e+01 4.086826947680121336e+00
4.326162624821683522e+01 4.083676339479056949e+00
4.346191155492154223e+01 4.114628722323038446e+00
4.366219686162624924e+01 4.116450114851619269e+00
4.386248216833095626e+01 4.105342166494202694e+00
4.406276747503566327e+01 4.111023581920838943e+00
4.426305278174037028e+01 4.130684765606137177e+00
4.446333808844507729e+01 4.127292714371526117e+00
4.466362339514978430e+01 4.175662774175743053e+00
4.486390870185449842e+01 4.201354447412714244e+00
4.506419400855920543e+01 4.179338245398866114e+00
4.526447931526391244e+01 4.184323425096306615e+00
4.546476462196861945e+01 4.212399297482649629e+00
4.566504992867332646e+01 4.199589267202395781e+00
4.586533523537803347e+01 4.243933804952159328e+00
4.606562054208274049e+01 4.255300435405233728e+00
4.626590584878744750e+01 4.252591427663559465e+00
4.646619115549215451e+01 4.270054720951981686e+00
4.666647646219686152e+01 4.331862371403397916e+00
4.686676176890156853e+01 4.306482301871351837e+00
4.706704707560627554e+01 4.362133878542844734e+00
4.726733238231098255e+01 4.365714178217402264e+00
4.746761768901569667e+01 4.364784452373969614e+00
4.766790299572040368e+01 4.443554506093456702e+00
4.786818830242511069e+01 4.469061791504204351e+00
4.806847360912981770e+01 4.522047067819271682e+00
4.826875891583452471e+01 4.506626422101159157e+00
4.846904422253923173e+01 4.526207751098285215e+00
4.866932952924393874e+01 4.540144039745164228e+00
4.886961483594864575e+01 4.606511540017677042e+00
4.906990014265335276e+01 4.634996116928598475e+00
4.927018544935805977e+01 4.688899135671878327e+00
4.947047075606276678e+01 4.669844763493141926e+00
4.967075606276747379e+01 4.669442136714125446e+00
4.987104136947218080e+01 4.666811962295097871e+00
5.007132667617689492e+01 4.666742996351207040e+00
5.027161198288160193e+01 4.673126886250864587e+00
5.047189728958630894e+01 4.672826635556709185e+00
5.067218259629101595e+01 4.671645496086633820e+00
5.087246790299572297e+01 4.687934198485519843e+00
5.107275320970042998e+01 4.692043740336334423e+00
5.127303851640513699e+01 4.693594080954685666e+00
5.147332382310984400e+01 4.739405449051407260e+00
5.167360912981455101e+01 4.772344269576978881e+00
5.187389443651925802e+01 4.782102453669119235e+00
5.207417974322396503e+01 4.875846929902639459e+00
5.227446504992867204e+01 4.916308075651630638e+00
5.247475035663337906e+01 4.935725883928662405e+00
5.267503566333809317e+01 4.999673084511372601e+00
5.287532097004280018e+01 5.044850017616812288e+00
5.307560627674750720e+01 5.003183348725926294e+00
5.327589158345221421e+01 4.994999549693951657e+00
5.347617689015692122e+01 4.995228178021883458e+00
5.367646219686162823e+01 4.999519874499726235e+00
5.387674750356633524e+01 4.997988910993732325e+00
5.407703281027104225e+01 4.995373405454073712e+00
5.427731811697574926e+01 4.990057126078535354e+00
5.447760342368045627e+01 4.984549472683837301e+00
5.467788873038516329e+01 4.989626613544643874e+00
5.487817403708987030e+01 4.981304544096870401e+00
5.507845934379457731e+01 4.972888942597818662e+00
5.527874465049929142e+01 4.967647026730371174e+00
5.547902995720399844e+01 4.962239703252101286e+00
5.567931526390870545e+01 4.942416938206109833e+00
5.587960057061341246e+01 4.924052812609207130e+00
5.607988587731811947e+01 4.905130188975451944e+00
5.628017118402282648e+01 4.890852942557201821e+00
5.648045649072753349e+01 4.872406307819013627e+00
5.668074179743224050e+01 4.889306296662933704e+00
5.688102710413694751e+01 4.879049635248659200e+00
5.708131241084165453e+01 4.912184791511757354e+00
5.728159771754636154e+01 4.974319244247409344e+00
5.748188302425106855e+01 4.988589166072648240e+00
5.768216833095577556e+01 5.061315070746955413e+00
5.788245363766048968e+01 5.120226829384759704e+00
5.808273894436519669e+01 5.141703642788994166e+00
5.828302425106990370e+01 5.196768048939886420e+00
5.848330955777461071e+01 5.174261817005254116e+00
5.868359486447931772e+01 5.180001207788570206e+00
5.888388017118402473e+01 5.211385404218582984e+00
5.908416547788873174e+01 5.201976083245618554e+00
5.928445078459343875e+01 5.200003887293024540e+00
5.948473609129814577e+01 5.199493343379433696e+00
5.968502139800285278e+01 5.220227896132064949e+00
5.988530670470755979e+01 5.230741166277906196e+00
6.008559201141226680e+01 5.240479884225781149e+00
6.028587731811698092e+01 5.251223478472259565e+00
6.048616262482168793e+01 5.252556863475589921e+00
6.068644793152639494e+01 5.253585867342112081e+00
6.088673323823110195e+01 5.289698216387439977e+00
6.108701854493580896e+01 5.290190974387821043e+00
6.128730385164051597e+01 5.286904351125881085e+00
6.148758915834522298e+01 5.313596080167468649e+00
6.168787446504993000e+01 1.456284067134361315e+01
6.188815977175463701e+01 9.077930623352676420e+00
6.208844507845934402e+01 5.310357891080636605e+00
6.228873038516405103e+01 3.779863928036607312e+00
6.248901569186875804e+01 2.877448513392902640e+00
6.268930099857346505e+01 2.346414037966098931e+00
6.288958630527817917e+01 2.089648145442302596e+00
6.308987161198288618e+01 1.917740797386689566e+00
6.329015691868759319e+01 1.897532091782222929e+00
6.349044222539230020e+01 1.896276361702518232e+00
6.369072753209700721e+01 1.975390633596329826e+00
6.389101283880171422e+01 2.003057278309229083e+00
6.409129814550641413e+01 1.956303961487141363e+00
6.429158345221112825e+01 1.988137152861304990e+00
6.449186875891584236e+01 1.979602252148829011e+00
6.469215406562054227e+01 2.020313721461444167e+00
6.489243937232525639e+01 2.006523836758341783e+00
6.509272467902995629e+01 2.066391023744887701e+00
6.529300998573467041e+01 2.039035426066324597e+00
6.549329529243937031e+01 2.042732301393650474e+00
6.569358059914408443e+01 2.075600701967131201e+00
6.589386590584878434e+01 2.090014843524014676e+00
6.609415121255349845e+01 2.069021228921638311e+00
6.629443651925819836e+01 2.068041376257716113e+00
6.649472182596291248e+01 2.084429364207038393e+00
6.669500713266762659e+01 2.121875070100047278e+00
6.689529243937232650e+01 2.099432137143113053e+00
6.709557774607704062e+01 2.137853272193561249e+00
6.729586305278174052e+01 2.139570162397876896e+00
6.749614835948645464e+01 2.163452407552481027e+00
6.769643366619115454e+01 2.192154589761327266e+00
6.789671897289586866e+01 2.182878007521324548e+00
6.809700427960056857e+01 2.196982115495013765e+00
6.829728958630528268e+01 2.194588026991258545e+00
6.849757489300998259e+01 2.253602094127945321e+00
6.869786019971469671e+01 2.249021007022149021e+00
6.889814550641939661e+01 2.307913838690061059e+00
6.909843081312411073e+01 2.289410252221293796e+00
6.929871611982882484e+01 2.377423537033851897e+00
6.949900142653352475e+01 2.392609840664289944e+00
6.969928673323823887e+01 2.353597606718076385e+00
6.989957203994293877e+01 2.342484660580525624e+00
7.009985734664765289e+01 2.342303421969401889e+00
7.030014265335235280e+01 2.356228615422170325e+00
7.050042796005706691e+01 2.399124010113023342e+00
7.070071326676176682e+01 2.427170550655125769e+00
7.090099857346648093e+01 2.485125527204633311e+00
7.110128388017118084e+01 2.443563949654169676e+00
7.130156918687589496e+01 2.480829394478454297e+00
7.150185449358059486e+01 2.494961125156675230e+00
7.170213980028530898e+01 2.549962344265912062e+00
7.190242510699002310e+01 2.543565381756345722e+00
7.210271041369472300e+01 2.532151663351412285e+00
7.230299572039943712e+01 2.535834759532995530e+00
7.250328102710413702e+01 2.532574491130855865e+00
7.270356633380885114e+01 2.535697216809647880e+00
7.290385164051355105e+01 2.541001138493586886e+00
7.310413694721826516e+01 2.540274108678784781e+00
7.330442225392296507e+01 2.562374227775667368e+00
7.350470756062767919e+01 2.593218851423063409e+00
7.370499286733237909e+01 2.600489308660820953e+00
7.390527817403709321e+01 2.591618886595353999e+00
7.410556348074179311e+01 2.595636070537779450e+00
7.430584878744650723e+01 2.593056862334768287e+00
7.450613409415122135e+01 2.590139221124809765e+00
7.470641940085592125e+01 2.587779624757060137e+00
7.490670470756063537e+01 2.591135104974330972e+00
7.510699001426533528e+01 2.632387850736666479e+00
7.530727532097004939e+01 2.686544976637557092e+00
7.550756062767474930e+01 2.672914432632330861e+00
7.570784593437946342e+01 2.691753486339122592e+00
7.590813124108416332e+01 2.668242205635139808e+00
7.610841654778887744e+01 1.976385173431643594e+01
7.630870185449357734e+01 1.383422086163372988e+01
7.650898716119829146e+01 9.167000476985712965e+00
7.670927246790299137e+01 7.831202963793820082e+00
7.690955777460770548e+01 7.167064629350464955e+00
7.710984308131241960e+01 6.738639357208905167e+00
7.731012838801711951e+01 6.508710968432684041e+00
7.751041369472183362e+01 6.497454751648980675e+00
7.771069900142653353e+01 6.472276714486334015e+00
7.791098430813124764e+01 6.488229257430018215e+00
7.811126961483594755e+01 6.464469676767285122e+00
7.831155492154066167e+01 6.461786308563992165e+00
7.851184022824536157e+01 6.452132803978686937e+00
7.871212553495007569e+01 6.437744043249778336e+00
7.891241084165477560e+01 6.415194766755270450e+00
7.911269614835948971e+01 6.378610991808287167e+00
7.931298145506418962e+01 6.357321489943252857e+00
7.951326676176890373e+01 6.260829152794936903e+00
7.971355206847361785e+01 6.136435515071964275e+00
7.991383737517831776e+01 6.006753801178913221e+00
8.011412268188303187e+01 6.070507983416876030e+00
8.031440798858773178e+01 6.155641543692333961e+00
8.051469329529244590e+01 6.115831125484278985e+00
8.071497860199714580e+01 6.110142989933541990e+00
8.091526390870185992e+01 6.107654100799895680e+00
8.111554921540655982e+01 6.100672528039559950e+00
8.131583452211127394e+01 6.102364517604531358e+00
8.151611982881597385e+01 6.107583121308095997e+00
8.171640513552068796e+01 6.141629394836177092e+00
8.191669044222538787e+01 6.188319083187150405e+00
8.211697574893010199e+01 6.248735835645845782e+00
8.231726105563481610e+01 6.228977681399612720e+00
8.251754636233951601e+01 6.205525104551271376e+00
8.271783166904423013e+01 6.220046836007245616e+00
8.291811697574893003e+01 6.230475200968847105e+00
8.311840228245364415e+01 6.228889381943784720e+00
8.331868758915834405e+01 6.304578723056014411e+00
8.351897289586305817e+01 6.267613611902213222e+00
8.371925820256775808e+01 6.273789008278906287e+00
8.391954350927247219e+01 6.301633745745449211e+00
8.411982881597717210e+01 6.384358852805072537e+00
8.432011412268188622e+01 6.345106213536467088e+00
8.452039942938658612e+01 6.343822974077760968e+00
8.472068473609130024e+01 6.349524854804493579e+00
8.492097004279601435e+01 6.347886700189023124e+00
8.512125534950071426e+01 6.354198726438762712e+00
8.532154065620542838e+01 6.367958507968379145e+00
8.552182596291012828e+01 6.362072136285370050e+00
8.572211126961484240e+01 6.380090951262879173e+00
8.592239657631954231e+01 6.378403336547529889e+00
8.612268188302425642e+01 6.395690877710453748e+00
8.632296718972895633e+01 6.382746191792669777e+00
8.652325249643367044e+01 6.382453654956849576e+00
8.672353780313837035e+01 6.389380448077520036e+00
8.692382310984308447e+01 6.420093199133837025e+00
8.712410841654778437e+01 6.445040801423152388e+00
8.732439372325249849e+01 6.412889587999777596e+00
8.752467902995721261e+01 6.425100269843235345e+00
8.772496433666191251e+01 6.425810588356610786e+00
8.792524964336662663e+01 6.470771954036541374e+00
8.812553495007132653e+01 6.505836183135080830e+00
8.832582025677604065e+01 6.501366697223980751e+00
8.852610556348074056e+01 6.578137246908587699e+00
8.872639087018545467e+01 6.605004087824369208e+00
8.892667617689015458e+01 6.723249199301672974e+00
8.912696148359486870e+01 6.682185635999175588e+00
8.932724679029956860e+01 6.744278015928069969e+00
8.952753209700428272e+01 6.736308693034967376e+00
8.972781740370899684e+01 6.802672312761997908e+00
8.992810271041369674e+01 6.791089071589329507e+00
9.012838801711841086e+01 6.801095089378078384e+00
9.032867332382311076e+01 6.815668679633405169e+00
9.052895863052782488e+01 6.856546157942658759e+00
9.072924393723252479e+01 6.840760670991739900e+00
9.092952924393723890e+01 6.865115657717894670e+00
9.112981455064193881e+01 6.857865894986277411e+00
9.133009985734665293e+01 6.863530950091190519e+00
9.153038516405135283e+01 6.873903323916524144e+00
9.173067047075606695e+01 6.889712371542955793e+00
9.193095577746076685e+01 6.933970783584921804e+00
9.213124108416548097e+01 7.008675760151831469e+00
9.233152639087019509e+01 7.013368420499291211e+00
9.253181169757489499e+01 7.076658241777424863e+00
9.273209700427960911e+01 7.078952860525458135e+00
9.293238231098430902e+01 7.108804566967890537e+00
9.313266761768902313e+01 7.105324844572514564e+00
9.333295292439372304e+01 7.120989087753645919e+00
9.353323823109843715e+01 7.147095242932923753e+00
9.373352353780313706e+01 7.187279969330419682e+00
9.393380884450785118e+01 7.220760413795995980e+00
9.413409415121255108e+01 7.230582331674733965e+00
9.433437945791726520e+01 7.239215915178127680e+00
9.453466476462196511e+01 7.267931309655097927e+00
9.473495007132667922e+01 7.302790918200757986e+00
9.493523537803139334e+01 7.299574628862767867e+00
9.513552068473609324e+01 7.315359651804613783e+00
9.533580599144080736e+01 7.308747164078361891e+00
9.553609129814550727e+01 7.308645435044323513e+00
9.573637660485022138e+01 7.325401664651534972e+00
9.593666191155492129e+01 7.296276380325018351e+00
9.613694721825963541e+01 7.283078276925482264e+00
9.633723252496433531e+01 7.278383176633551166e+00
9.653751783166904943e+01 7.267577049348895812e+00
9.673780313837374933e+01 7.306023436064843501e+00
9.693808844507846345e+01 7.291219021410697110e+00
9.713837375178316336e+01 7.280863693739477505e+00
9.733865905848787747e+01 7.289783987914686847e+00
9.753894436519259159e+01 7.283107221731929926e+00
9.773922967189729150e+01 7.281749510806100112e+00
9.793951497860200561e+01 7.280935439738200898e+00
9.813980028530670552e+01 7.317265736631623163e+00
9.834008559201141964e+01 7.304075462742018132e+00
9.854037089871611954e+01 7.313647405804807988e+00
9.874065620542083366e+01 7.331389357848400401e+00
9.894094151212553356e+01 7.397875105304528631e+00
9.914122681883024768e+01 7.356579017488259709e+00
9.934151212553494759e+01 7.357577543598179837e+00
9.954179743223966170e+01 7.357219022196439973e+00
9.974208273894436161e+01 7.352922128611576014e+00
9.994236804564907573e+01 7.347988026451044874e+00
1.001426533523537898e+02 7.356861059837167538e+00
1.003429386590584897e+02 7.375730034694425008e+00
1.005432239657632039e+02 7.442214960118651135e+00
1.007435092724679038e+02 7.495073201367317139e+00
1.009437945791726179e+02 7.487641027447734743e+00
1.011440798858773178e+02 7.517324330027638446e+00
1.013443651925820319e+02 7.559510608430921152e+00
1.015446504992867318e+02 7.580764926530899395e+00
1.017449358059914459e+02 7.633650900723212729e+00
1.019452211126961458e+02 7.670217276365869807e+00
1.021455064194008600e+02 7.691464822196753204e+00
1.023457917261055599e+02 7.729914352480739659e+00
1.025460770328102740e+02 7.772905668109105548e+00
1.027463623395149881e+02 7.820928901772719044e+00
1.029466476462196880e+02 7.875225910994365641e+00
1.031469329529244021e+02 8.025136853770085565e+00
1.033472182596291020e+02 8.058721539313511428e+00
1.035475035663338161e+02 8.125847408877518774e+00
1.037477888730385160e+02 8.185003557356960613e+00
1.039480741797432302e+02 8.271162981456127383e+00
1.041483594864479301e+02 8.300343026384085832e+00
1.043486447931526442e+02 8.359277085354516856e+00
1.045489300998573441e+02 8.470910392433740554e+00
1.047492154065620582e+02 8.396179998483779272e+00
1.049495007132667581e+02 8.448670048277387323e+00
1.051497860199714722e+02 8.453378576970413505e+00
1.053500713266761863e+02 8.495515940418432166e+00
1.055503566333808863e+02 8.485935601145014218e+00
1.057506419400856004e+02 8.485949360825268073e+00
1.059509272467903003e+02 8.488161622794505590e+00
1.061512125534950144e+02 8.489437264712083930e+00
1.063514978601997143e+02 8.485683166483891426e+00
1.065517831669044284e+02 8.481108048830995116e+00
1.067520684736091283e+02 8.492314417073174582e+00
1.069523537803138424e+02 8.492073413020438721e+00
1.071526390870185423e+02 8.496320105211426110e+00
1.073529243937232565e+02 8.497151273583140707e+00
1.075532097004279564e+02 8.499967654998823008e+00
1.077534950071326705e+02 8.533762787401624195e+00
1.079537803138373846e+02 8.536069413052732813e+00
1.081540656205420845e+02 8.549806468417827432e+00
1.083543509272467986e+02 8.600668392476237045e+00
1.085546362339514985e+02 8.596133867945390250e+00
1.087549215406562126e+02 8.625489648414175647e+00
1.089552068473609125e+02 8.703547672032627247e+00
1.091554921540656267e+02 8.700442405502615273e+00
1.093557774607703266e+02 8.745981010561012070e+00
1.095560627674750407e+02 8.718948770945731397e+00
1.097563480741797406e+02 8.721587946535308333e+00
1.099566333808844547e+02 8.785889530213649934e+00
1.101569186875891546e+02 8.874009627751641816e+00
1.103572039942938687e+02 8.904187199990682089e+00
1.105574893009985828e+02 8.843348669644079507e+00
1.107577746077032828e+02 8.842741356410705578e+00
1.109580599144079969e+02 8.844169142618529378e+00
1.111583452211126968e+02 8.841651435233472967e+00
1.113586305278174109e+02 8.841102304732496364e+00
1.115589158345221108e+02 8.912301590390670825e+00
1.117592011412268249e+02 8.980053306969800531e+00
1.119594864479315248e+02 8.943743269307114829e+00
1.121597717546362389e+02 8.986533271686878876e+00
1.123600570613409388e+02 8.958222029758969640e+00
1.125603423680456530e+02 8.958728834573138400e+00
1.127606276747503529e+02 8.966129737224628471e+00
1.129609129814550670e+02 8.959693636552747975e+00
1.131611982881597811e+02 8.956550139895229634e+00
1.133614835948644810e+02 8.947435668979839107e+00
1.135617689015691951e+02 8.950916142394014230e+00
1.137620542082738950e+02 8.984614911079310318e+00
1.139623395149786091e+02 8.990155877531568862e+00
1.141626248216833091e+02 8.966943953948362633e+00
1.143629101283880232e+02 8.968014056541697698e+00
1.145631954350927231e+02 8.977479585960294273e+00
1.147634807417974372e+02 8.989698829027206628e+00
1.149637660485021371e+02 9.049754763675190716e+00
1.151640513552068512e+02 9.014412372943541030e+00
1.153643366619115511e+02 9.065464950522994059e+00
1.155646219686162652e+02 9.048175888107440556e+00
1.157649072753209794e+02 9.050496006547287919e+00
1.159651925820256793e+02 9.071603123601137852e+00
1.161654778887303934e+02 9.150128230529281481e+00
1.163657631954350933e+02 9.136259803826154879e+00
1.165660485021398074e+02 9.213073520939875749e+00
1.167663338088445073e+02 9.205783780350925483e+00
1.169666191155492214e+02 9.214513329958728960e+00
1.171669044222539213e+02 9.257999065883618428e+00
1.173671897289586354e+02 9.427195821557093680e+00
1.175674750356633353e+02 9.459998317676676649e+00
1.177677603423680495e+02 9.495050351503932617e+00
1.179680456490727636e+02 9.470043541120480413e+00
1.181683309557774635e+02 9.473135432836270908e+00
1.183686162624821776e+02 9.455727579698617546e+00
1.185689015691868775e+02 9.453516351292831743e+00
1.187691868758915916e+02 9.463943388745557073e+00
1.189694721825962915e+02 9.563407105277377696e+00
1.191697574893010056e+02 9.540344925991819380e+00
1.193700427960057056e+02 9.530364280808948152e+00
1.195703281027104197e+02 9.560521282251020381e+00
1.197706134094151196e+02 9.551344711744894411e+00
1.199708987161198337e+02 9.550634042386501932e+00
1.201711840228245336e+02 9.522231894783192985e+00
1.203714693295292477e+02 9.521082779387862516e+00
1.205717546362339618e+02 9.523690125772374060e+00
1.207720399429386617e+02 9.553128625950726871e+00
1.209723252496433759e+02 9.532106485508563765e+00
1.211726105563480758e+02 9.567881191168149613e+00
1.213728958630527899e+02 9.568591379949165088e+00
1.215731811697574898e+02 9.599382662208915562e+00
1.217734664764622039e+02 9.594976506965775087e+00
1.219737517831669038e+02 9.587277094931033972e+00
1.221740370898716179e+02 9.585097907166817421e+00
1.223743223965763178e+02 9.611894074065636673e+00
1.225746077032810319e+02 9.645607439115615023e+00
1.227748930099857319e+02 9.681240432407246743e+00
1.229751783166904460e+02 9.692530564620442490e+00
1.231754636233951601e+02 9.704948405535544609e+00
1.233757489300998600e+02 9.707076370299006385e+00
1.235760342368045741e+02 9.703569239007769909e+00
1.237763195435092740e+02 9.706039009391988159e+00
1.239766048502139881e+02 9.708980328466072507e+00
1.241768901569186880e+02 9.712495422115331678e+00
1.243771754636234022e+02 9.683656226402945322e+00
1.245774607703281021e+02 9.675698525426346563e+00
1.247777460770328162e+02 9.686863235853897081e+00
1.249780313837375161e+02 9.674770612348808640e+00
1.251783166904422302e+02 9.685375516392291217e+00
1.253786019971469301e+02 9.670172116630524783e+00
1.255788873038516442e+02 9.714940389845775570e+00
1.257791726105563583e+02 9.696254622077450591e+00
1.259794579172610582e+02 9.701627393955090994e+00
1.261797432239657724e+02 9.698073398671855472e+00
1.263800285306704723e+02 9.711585912546363275e+00
1.265803138373751864e+02 9.711992980890064686e+00
1.267805991440798863e+02 9.760849096314762718e+00
1.269808844507846004e+02 9.761549672356323981e+00
1.271811697574893003e+02 9.757956234381030214e+00
1.273814550641940144e+02 9.787632899915182705e+00
1.275817403708987143e+02 9.781646647565422015e+00
1.277820256776034284e+02 9.828725650304701134e+00
1.279823109843081284e+02 9.813201410974563998e+00
1.281825962910128283e+02 9.812900201627289931e+00
1.283828815977175566e+02 9.826594833904518822e+00
1.285831669044222565e+02 9.832218787106018709e+00
1.287834522111269564e+02 9.835065620659166896e+00
1.289837375178316847e+02 9.865920742029603119e+00
1.291840228245363846e+02 9.881414157585124869e+00
1.293843081312410845e+02 9.905124765657852492e+00
1.295845934379457844e+02 9.911134688895183231e+00
1.297848787446505128e+02 9.908531785038613648e+00
1.299851640513552127e+02 9.933147555443444077e+00
1.301854493580599126e+02 9.936007809522930501e+00
1.303857346647646125e+02 9.971864574147112137e+00
1.305860199714693408e+02 1.001603048336659008e+01
1.307863052781740407e+02 1.011494678144035930e+01
1.309865905848787406e+02 1.011238723282978569e+01
1.311868758915834690e+02 1.013343827152702481e+01
1.313871611982881689e+02 1.012664556125448279e+01
1.315874465049928688e+02 1.015396612009185695e+01
1.317877318116975687e+02 1.019341169196587416e+01
1.319880171184022970e+02 1.021501726838507196e+01
1.321883024251069969e+02 1.025012885211318547e+01
1.323885877318116968e+02 1.021918383563982680e+01
1.325888730385163967e+02 1.022395017299146502e+01
1.327891583452211250e+02 1.023398689956266594e+01
1.329894436519258250e+02 1.026585164711892517e+01
1.331897289586305249e+02 1.031980007024971435e+01
1.333900142653352532e+02 1.039130411835553680e+01
1.335902995720399531e+02 1.043341242809635716e+01
1.337905848787446530e+02 1.043012607532403813e+01
1.339908701854493529e+02 1.041349019721137736e+01
1.341911554921540812e+02 1.041400363310706290e+01
1.343914407988587811e+02 1.044455904709848681e+01
1.345917261055634810e+02 1.045469101865285921e+01
1.347920114122681809e+02 1.051219375872343775e+01
1.349922967189729093e+02 1.054174114584954935e+01
1.351925820256776092e+02 1.060418031386571158e+01
1.353928673323823091e+02 1.055427197100504522e+01
1.355931526390870090e+02 1.057437714363722492e+01
1.357934379457917373e+02 1.057197893724789495e+01
1.359937232524964372e+02 1.057114916850446207e+01
1.361940085592011371e+02 1.057045159991852046e+01
1.363942938659058655e+02 1.056293416960199494e+01
1.365945791726105654e+02 1.056288978152977798e+01
1.367948644793152653e+02 1.055843174850698496e+01
1.369951497860199652e+02 1.056183322042241635e+01
1.371954350927246935e+02 1.057249003872558291e+01
1.373957203994293934e+02 1.057099123617204839e+01
1.375960057061340933e+02 1.059241437984594292e+01
1.377962910128387932e+02 1.060410289952280749e+01
1.379965763195435215e+02 1.064928349175244726e+01
1.381968616262482215e+02 1.063946703519736481e+01
1.383971469329529214e+02 1.068963852851078755e+01
1.385974322396576497e+02 1.066491591205138789e+01
1.387977175463623496e+02 1.066469003929907977e+01
1.389980028530670495e+02 1.068033815525565977e+01
1.391982881597717494e+02 1.070123659913259395e+01
1.393985734664764777e+02 1.071023516032960465e+01
1.395988587731811776e+02 1.074509999581212050e+01
1.397991440798858775e+02 1.078210681576579866e+01
1.399994293865905775e+02 1.077535836052278562e+01
1.401997146932953058e+02 1.079446053948170103e+01
1.404000000000000057e+02 1.082010568377138782e+01
